0
28
4
12
28
29
4
2
29
30
0
0
-1
-2
0
28
4
13
28
29
4
2
29
30
0
0
-1
-2
0
28
4
14
28
29
4
2
29
30
0
0
-1
-2
0
28
4
15
28
29
4
2
29
30
0
0
-1
-2
0
28
4
16
28
29
4
2
29
30
0
0
-1
-2
0
28
4
17
28
29
4
2
29
30
0
0
-1
-2
0
28
4
18
28
29
4
2
29
30
0
0
-1
-2
0
28
4
12
28
29
4
3
29
30
0
0
-1
-2
0
28
4
13
28
29
4
3
29
30
0
0
-1
-2
0
28
4
14
28
29
4
3
29
30
0
0
-1
-2
0
28
4
15
28
29
4
3
29
30
0
0
-1
-2
0
28
4
16
28
29
4
3
29
30
0
0
-1
-2
0
28
4
17
28
29
4
3
29
30
0
0
-1
-2
0
28
4
18
28
29
4
3
29
30
0
0
-1
-2
0
28
4
12
28
29
4
4
29
30
0
0
-1
-2
0
28
4
13
28
29
4
4
29
30
0
0
-1
-2
0
28
4
14
28
29
4
4
29
30
0
0
-1
-2
0
28
4
15
28
29
4
4
29
30
0
0
-1
-2
0
28
4
16
28
29
4
4
29
30
0
0
-1
-2
0
28
4
17
28
29
4
4
29
30
0
0
-1
-2
0
28
4
18
28
29
4
4
29
30
0
0
-1
-2
0
28
4
12
28
29
4
5
29
30
0
0
-1
-2
0
28
4
13
28
29
4
5
29
30
0
0
-1
-2
0
28
4
14
28
29
4
5
29
30
0
0
-1
-2
0
28
4
15
28
29
4
5
29
30
0
0
-1
-2
0
28
4
16
28
29
4
5
29
30
0
0
-1
-2
0
28
4
17
28
29
4
5
29
30
0
0
-1
-2
0
28
4
18
28
29
4
5
29
30
0
0
-1
-2
0
28
4
12
28
29
4
6
29
30
0
0
-1
-2
0
28
4
13
28
29
4
6
29
30
0
0
-1
-2
0
28
4
14
28
29
4
6
29
30
0
0
-1
-2
0
28
4
15
28
29
4
6
29
30
0
0
-1
-2
0
28
4
16
28
29
4
6
29
30
0
0
-1
-2
0
28
4
17
28
29
4
6
29
30
0
0
-1
-2
0
28
4
18
28
29
4
6
29
30
0
0
-1
-2
0
28
4
12
28
29
4
7
29
30
0
0
-1
-2
0
28
4
13
28
29
4
7
29
30
0
0
-1
-2
0
28
4
14
28
29
4
7
29
30
0
0
-1
-2
0
28
4
15
28
29
4
7
29
30
0
0
-1
-2
0
28
4
16
28
29
4
7
29
30
0
0
-1
-2
0
28
4
17
28
29
4
7
29
30
0
0
-1
-2
0
28
4
18
28
29
4
7
29
30
0
0
-1
-2
0
28
4
12
28
29
4
8
29
30
0
0
-1
-2
0
28
4
13
28
29
4
8
29
30
0
0
-1
-2
0
28
4
14
28
29
4
8
29
30
0
0
-1
-2
0
28
4
15
28
29
4
8
29
30
0
0
-1
-2
0
28
4
16
28
29
4
8
29
30
0
0
-1
-2
0
28
4
17
28
29
4
8
29
30
0
0
-1
-2
0
28
4
18
28
29
4
8
29
30
0
0
-1
-2