0
28
2
12
28
29
2
2
29
31
0
0
-1
-2
0
28
2
13
28
29
2
2
29
31
0
0
-1
-2
0
28
2
14
28
29
2
2
29
31
0
0
-1
-2
0
28
2
15
28
29
2
2
29
31
0
0
-1
-2
0
28
2
16
28
29
2
2
29
31
0
0
-1
-2
0
28
2
17
28
29
2
2
29
31
0
0
-1
-2
0
28
2
18
28
29
2
2
29
31
0
0
-1
-2
0
28
2
12
28
29
2
3
29
31
0
0
-1
-2
0
28
2
13
28
29
2
3
29
31
0
0
-1
-2
0
28
2
14
28
29
2
3
29
31
0
0
-1
-2
0
28
2
15
28
29
2
3
29
31
0
0
-1
-2
0
28
2
16
28
29
2
3
29
31
0
0
-1
-2
0
28
2
17
28
29
2
3
29
31
0
0
-1
-2
0
28
2
18
28
29
2
3
29
31
0
0
-1
-2
0
28
2
12
28
29
2
4
29
31
0
0
-1
-2
0
28
2
13
28
29
2
4
29
31
0
0
-1
-2
0
28
2
14
28
29
2
4
29
31
0
0
-1
-2
0
28
2
15
28
29
2
4
29
31
0
0
-1
-2
0
28
2
16
28
29
2
4
29
31
0
0
-1
-2
0
28
2
17
28
29
2
4
29
31
0
0
-1
-2
0
28
2
18
28
29
2
4
29
31
0
0
-1
-2
0
28
2
12
28
29
2
5
29
31
0
0
-1
-2
0
28
2
13
28
29
2
5
29
31
0
0
-1
-2
0
28
2
14
28
29
2
5
29
31
0
0
-1
-2
0
28
2
15
28
29
2
5
29
31
0
0
-1
-2
0
28
2
16
28
29
2
5
29
31
0
0
-1
-2
0
28
2
17
28
29
2
5
29
31
0
0
-1
-2
0
28
2
18
28
29
2
5
29
31
0
0
-1
-2
0
28
2
12
28
29
2
6
29
31
0
0
-1
-2
0
28
2
13
28
29
2
6
29
31
0
0
-1
-2
0
28
2
14
28
29
2
6
29
31
0
0
-1
-2
0
28
2
15
28
29
2
6
29
31
0
0
-1
-2
0
28
2
16
28
29
2
6
29
31
0
0
-1
-2
0
28
2
17
28
29
2
6
29
31
0
0
-1
-2
0
28
2
18
28
29
2
6
29
31
0
0
-1
-2
0
28
2
12
28
29
2
7
29
31
0
0
-1
-2
0
28
2
13
28
29
2
7
29
31
0
0
-1
-2
0
28
2
14
28
29
2
7
29
31
0
0
-1
-2
0
28
2
15
28
29
2
7
29
31
0
0
-1
-2
0
28
2
16
28
29
2
7
29
31
0
0
-1
-2
0
28
2
17
28
29
2
7
29
31
0
0
-1
-2
0
28
2
18
28
29
2
7
29
31
0
0
-1
-2
0
28
2
12
28
29
2
8
29
31
0
0
-1
-2
0
28
2
13
28
29
2
8
29
31
0
0
-1
-2
0
28
2
14
28
29
2
8
29
31
0
0
-1
-2
0
28
2
15
28
29
2
8
29
31
0
0
-1
-2
0
28
2
16
28
29
2
8
29
31
0
0
-1
-2
0
28
2
17
28
29
2
8
29
31
0
0
-1
-2
0
28
2
18
28
29
2
8
29
31
0
0
-1
-2
