t CPU GPU
303553.444854 0 0
303553.5667776 0 0
303553.10789706 0 0
303553.15993524 0 0
303553.21749535 0 0
303553.26974985 0 0
303553.32104051 0 0
303553.37252541 0 0
303553.42508487 0 0
303553.47641809 0 0
303553.52774971 0 0
303553.57886917 0 0
303553.62998126 0 0
303553.68186488 0 0
303553.73358498 0 0
303553.78491532 0 0
303553.83738550 0 0
303553.88859840 0 0
303553.94066378 0 0
303553.99169492 0 0
303553.104280702 0 0
303553.109456040 0 0
303553.114596850 0 0
303553.119711068 0 0
303553.124903558 0 0
303553.130106960 0 0
303553.135201562 0 0
303553.140389316 0 0
303553.145489998 0 0
303553.150669624 0 0
303553.155776226 0 0
303553.160920107 0 0
303553.166016085 0 0
303553.171210047 0 0
303553.176299273 0 0
303553.181411187 0 0
303553.186526301 0 0
303553.191614279 0 0
303553.196791985 0 0
303553.201886010 0 0
303553.206973604 0 0
303553.212059630 0 0
303553.217167960 0 0
303553.222372514 0 0
303553.227465132 0 0
303553.232560214 0 0
303553.237651392 0 0
303553.242737929 0 0
303553.247825235 0 0
303553.252998397 0 0
303553.258105959 0 0
303553.263217137 0 0
303553.268314139 0 0
303553.273398533 0 0
303553.278570543 0 0
303553.283669720 0 0
303553.288778818 0 0
303553.293861964 0 0
303553.298941558 0 0
303553.304067776 0 0
303553.309234826 0 0
303553.314323796 0 0
303553.319412733 0 0
303553.324512455 0 0
303553.329605457 0 0
303553.334713499 0 0
303553.339830053 0 0
303553.344926735 0 0
303553.350039481 0 0
303553.355138882 0 0
303553.360457229 0 0
303553.365700919 0 0
303553.370833953 0 0
303553.375970731 0 0
303553.381365685 0 0
303553.386487679 0 0
303553.391702505 0 0
303553.396818611 0 0
303553.401919293 0 0
303553.407144295 0 0
303553.412278769 0 0
303553.417418747 0 0
303553.422593349 0 0
303553.427807951 0 0
303553.432937145 0 0
303553.438037058 0 0
303553.443146604 0 0
303553.448254774 0 0
303553.453379488 0 0
303553.458476586 0 0
303553.463597268 0 0
303553.468826782 0 0
303553.474009640 0 0
303553.479163122 0 0
303553.486692736 0 0
303553.491881962 0 0
303553.497014548 0 0
303553.502109182 0 0
303553.507233224 0 0
303553.512336626 0 0
303553.517468348 0 0
303553.522640646 0 0
303553.527839504 0 0
303553.532929530 0 0
303553.538024260 0 0
303553.543119085 0 0
303553.548219095 0 0
303553.553315265 0 0
303553.558399019 0 0
303553.563483253 0 0
303553.568542366 0 0
303553.573696616 0 0
303553.578781714 0 0
303553.583873916 0 0
303553.588958950 0 0
303553.594040784 0 0
303553.599197466 0 0
303553.604329092 0 0
303553.609468654 0 0
303553.614553079 0 0
303553.619754369 0 0
303553.624857771 0 0
303553.629941237 0 0
303553.635021823 0 0
303553.640228585 0 0
303553.645314451 0 0
303553.650456157 0 0
303553.655536423 0 0
303553.660716081 0 0
303553.665842042 0 0
303553.670971268 0 0
303553.676126702 0 0
303553.681218104 0 0
303553.686306370 0 0
303553.691397900 0 0
303553.696556374 0 0
303553.701661856 0 0
303553.706744777 0 0
303553.711829363 0 0
303553.716921149 0 0
303553.722010823 0 0
303553.727107217 0 0
303553.732266843 0 0
303553.737340932 0 0
303553.742403438 0 0
303553.747492888 0 0
303553.752580834 0 0
303553.757661964 0 0
303553.762852822 0 0
303553.767931328 0 0
303553.773014505 0 0
303553.778107155 0 0
303553.783205789 0 0
303553.788287911 0 0
303553.793372209 0 0
303553.798459995 0 0
303553.803539524 0 0
303553.808665454 0 0
303553.813746104 0 0
303553.818822754 0 0
303553.823897644 0 0
303553.828989781 0 0
303553.834081407 0 0
303553.839189673 0 0
303553.844276819 0 0
303553.849351229 0 0
303553.854444679 0 0
303553.859577105 0 0
303553.864663898 0 0
303553.869756484 0 0
303553.874837422 0 0
303553.879918488 0 0
303553.885004706 0 0
303553.890085547 0 0
303553.895167381 0 0
303553.900261247 0 0
303553.905349929 0 0
303553.910423795 0 0
303553.915523197 0 0
303553.920662951 0 0
303553.925759504 0 0
303553.930921338 0 0
303553.936022980 0 0
303553.941111342 0 0
303553.946277560 0 0
303553.951363650 0 0
303553.956457132 0 0
303553.961543029 0 0
303553.966628351 0 0
303553.971728425 0 0
303553.976812531 0 0
303553.981965885 0 0
303553.987045767 0 0
303553.992129777 0 0
303553.997214554 0 0
303554.2296484 0 0
303554.7395086 0 0
303554.12511384 0 0
303554.17602306 0 0
303554.22692140 0 0
303554.27782037 0 0
303554.32958559 0 0
303554.38053865 0 0
303554.43140019 0 0
303554.48223773 0 0
303554.53309159 0 0
303554.58388240 0 0
303554.63548922 0 0
303554.68640708 0 0
303554.73716142 0 0
303554.78795000 0 0
303554.83872194 0 0
303554.88940075 0 0
303554.94033493 0 0
303554.99119743 0 0
303554.104294089 0 0
303554.109378707 0 0
303554.114466941 0 0
303554.119549767 0 0
303554.124674800 0 0
303554.129761562 0 0
303554.134906788 0 0
303554.140025614 0 0
303554.145123992 0 0
303554.150203074 0 0
303554.155281740 0 0
303554.160366421 0 0
303554.165442879 0 0
303554.170520105 0 0
303554.175584659 0 0
303554.180667197 0 0
303554.185745574 0 0
303554.190824176 0 0
303554.195907738 0 0
303554.201138052 0 0
303554.206219246 0 0
303554.211299320 0 0
303554.216383682 0 0
303554.221474603 0 0
303554.226554741 0 0
303554.231632031 0 0
303554.236807625 0 0
303554.241885907 0 0
303554.246958077 0 0
303554.252040806 0 0
303554.257117232 0 0
303554.262183834 0 0
303554.267273508 0 0
303554.272419406 0 0
303554.277500568 0 0
303554.282591681 0 0
303554.287681067 0 0
303554.292775701 0 0
303554.297862367 0 0
303554.302932489 0 0
303554.308020371 0 0
303554.313107164 0 0
303554.318225894 0 0
303554.323308720 0 0
303554.328387802 0 0
303554.333471748 0 0
303554.338551054 0 0
303554.343624407 0 0
303554.348671329 0 0
303554.353776523 0 0
303554.358855957 0 0
303554.363937951 0 0
303554.369022216 0 0
303554.374100402 0 0
303554.379183004 0 0
303554.384271494 0 0
303554.389356016 0 0
303554.394450810 0 0
303554.399534083 0 0
303554.404642509 0 0
303554.410795993 0 0
303554.415932771 0 0
303554.421019533 0 0
303554.426088439 0 0
303554.431288033 0 0
303554.436364107 0 0
303554.441437108 0 0
303554.446603358 0 0
303554.451865481 0 0
303554.456965138 0 0
303554.462056828 0 0
303554.467161670 0 0
303554.472269200 0 0
303554.477350170 0 0
303554.482422788 0 0
303554.487499373 0 0
303554.492586711 0 0
303554.497705313 0 0
303554.502813867 0 0
303554.507893333 0 0
303554.512969439 0 0
303554.518049896 0 0
303554.523168434 0 0
303554.528304508 0 0
303554.533396998 0 0
303554.538475056 0 0
303554.543560250 0 0
303554.548639844 0 0
303554.553719149 0 0
303554.558798679 0 0
303554.563922337 0 0
303554.569042347 0 0
303554.574281173 0 0
303554.579362527 0 0
303554.584448873 0 0
303554.589541747 0 0
303554.594623452 0 0
303554.599708262 0 0
303554.604787984 0 0
303554.609829402 0 0
303554.614916996 0 0
303554.620022446 0 0
303554.625112887 0 0
303554.630202049 0 0
303554.635291755 0 0
303554.640382133 0 0
303554.645478079 0 0
303554.650561353 0 0
303554.655631314 0 0
303554.660715644 0 0
303554.665794854 0 0
303554.670871856 0 0
303554.675949274 0 0
303554.681048259 0 0
303554.686129965 0 0
303554.691210487 0 0
303554.696294529 0 0
303554.701382091 0 0
303554.706539157 0 0
303554.711679039 0 0
303554.716774696 0 0
303554.721853810 0 0
303554.726934460 0 0
303554.732056006 0 0
303554.737184816 0 0
303554.742302778 0 0
303554.747381892 0 0
303554.752470157 0 0
303554.757548215 0 0
303554.762742817 0 0
303554.767802187 0 0
303554.772893269 0 0
303554.777967775 0 0
303554.783055625 0 0
303554.788144754 0 0
303554.793229532 0 0
303554.798322374 0 0
303554.803401232 0 0
303554.808485306 0 0
303554.813570244 0 0
303554.818651821 0 0
303554.823738967 0 0
303554.828821537 0 0
303554.833895915 0 0
303554.838973909 0 0
303554.844028734 0 0
303554.849115656 0 0
303554.854194738 0 0
303554.859272412 0 0
303554.864353286 0 0
303554.869430639 0 0
303554.874511385 0 0
303554.879662147 0 0
303554.884802765 0 0
303554.889910583 0 0
303554.895012993 0 0
303554.900098475 0 0
303554.905222261 0 0
303554.910300542 0 0
303554.915347272 0 0
303554.920423666 0 0
303554.925521724 0 0
303554.930616774 0 0
303554.935705360 0 0
303554.940893114 0 0
303554.946092292 0 0
303554.951203085 0 0
303554.956288183 0 0
303554.961370017 0 0
303554.966460779 0 0
303554.971548213 0 0
303554.976631743 0 0
303554.981708232 0 0
303554.986789074 0 0
303554.991865500 0 0
303554.996941254 0 0
303555.2022576 0 0
303555.7821819 0 0
303555.12903269 0 0
303555.18001583 0 0
303555.23091800 0 0
303555.28168130 0 0
303555.33252492 0 0
303555.38353366 0 0
303555.43433248 0 0
303555.48514826 0 0
303555.53601139 0 0
303555.58709021 0 0
303555.63810535 0 0
303555.68900497 0 0
303555.73977563 0 0
303555.79066053 0 0
303555.84166030 0 0
303555.89247384 0 0
303555.94328322 0 0
303555.99508332 0 0
303555.104591830 0 0
303555.109668480 0 0
303555.114841482 0 0
303555.119984596 0 0
303555.125211774 0 0
303555.130301928 0 0
303555.135385041 0 0
303555.140472795 0 0
303555.145656901 0 0
303555.150737039 0 0
303555.155859769 0 0
303555.160940355 0 0
303555.166021645 0 0
303555.171156790 0 0
303555.176431681 0 0
303555.181563659 0 0
303555.186778773 0 0
303555.191866751 0 0
303555.196948648 0 0
303555.202034706 0 0
303555.207117628 0 0
303555.212203558 0 0
303555.217285872 0 0
303555.222368729 0 0
303555.227518211 0 0
303555.232616493 0 0
303555.237718103 0 0
303555.242810881 0 0
303555.247887083 0 0
303555.252974485 0 0
303555.258054078 0 0
303555.263130888 0 0
303555.268212242 0 0
303555.273379708 0 0
303555.278487142 0 0
303555.283576272 0 0
303555.288718906 0 0
303555.293925124 0 0
303555.299040462 0 0
303555.304120823 0 0
303555.309209697 0 0
303555.314286475 0 0
303555.319366581 0 0
303555.324455423 0 0
303555.329535017 0 0
303555.334612114 0 0
303555.339686204 0 0
303555.344785926 0 0
303555.349934864 0 0
303555.355077242 0 0
303555.360173220 0 0
303555.365261966 0 0
303555.370349368 0 0
303555.375430561 0 0
303555.380550123 0 0
303555.385641173 0 0
303555.390776671 0 0
303555.395861001 0 0
303555.400939923 0 0
303555.406021885 0 0
303555.411222951 0 0
303555.416439537 0 0
303555.421574683 0 0
303555.426699461 0 0
303555.431784526 0 0
303555.436864024 0 0
303555.442095554 0 0
303555.447208012 0 0
303555.452303830 0 0
303555.457388608 0 0
303555.462501066 0 0
303555.467638516 0 0
303555.472741438 0 0
303555.477851143 0 0
303555.482926225 0 0
303555.488020027 0 0
303555.493113861 0 0
303555.498327119 0 0
303555.503460153 0 0
303555.508612099 0 0
303555.513737773 0 0
303555.518835639 0 0
303555.523939073 0 0
303555.529145547 0 0
303555.534274069 0 0
303555.539429214 0 0
303555.544565544 0 0
303555.549758290 0 0
303555.554896060 0 0
303555.559993542 0 0
303555.565133040 0 0
303555.570229562 0 0
303555.575326852 0 0
303555.580465198 0 0
303555.585554968 0 0
303555.590655938 0 0
303555.595760747 0 0
303555.600851253 0 0
303555.605938303 0 0
303555.611027177 0 0
303555.616119987 0 0
303555.621235485 0 0
303555.626376615 0 0
303555.631471440 0 0
303555.636656282 0 0
303555.641744132 0 0
303555.646836110 0 0
303555.652062936 0 0
303555.657153026 0 0
303555.662231692 0 0
303555.667351670 0 0
303555.672506496 0 0
303555.677687978 0 0
303555.682829812 0 0
303555.687960094 0 0
303555.693050440 0 0
303555.698166673 0 0
303555.703257083 0 0
303555.708355781 0 0
303555.713468527 0 0
303555.718553945 0 0
303555.723644867 0 0
303555.728846669 0 0
303555.733939543 0 0
303555.739027424 0 0
303555.744121034 0 0
303555.749209428 0 0
303555.754379230 0 0
303555.759470440 0 0
303555.764563762 0 0
303555.769647644 0 0
303555.774726661 0 0
303555.779808367 0 0
303555.784891865 0 0
303555.789977923 0 0
303555.795056909 0 0
303555.800140823 0 0
303555.805225312 0 0
303555.810303402 0 0
303555.815381556 0 0
303555.820463646 0 0
303555.825547624 0 0
303555.830654898 0 0
303555.835813564 0 0
303555.840895909 0 0
303555.845979151 0 0
303555.851059161 0 0
303555.856142371 0 0
303555.861217837 0 0
303555.866432087 0 0
303555.871535585 0 0
303555.876624138 0 0
303555.881715892 0 0
303555.886798686 0 0
303555.891870888 0 0
303555.896988178 0 0
303555.902111420 0 0
303555.907270534 0 0
303555.912428752 0 0
303555.917534938 0 0
303555.922627395 0 0
303555.927720333 0 0
303555.932811767 0 0
303555.937909377 0 0
303555.943026411 0 0
303555.948102805 0 0
303555.953194527 0 0
303555.958285544 0 0
303555.963436882 0 0
303555.968576476 0 0
303555.973674822 0 0
303555.978756720 0 0
303555.983838618 0 0
303555.988923620 0 0
303555.994008333 0 0
303555.999156439 0 0
303556.4244769 0 0
303556.9323403 0 0
303556.14408917 0 0
303556.19593183 0 0
303556.24685641 0 0
303556.29767155 0 0
303556.34851836 0 0
303556.39932390 0 0
303556.45015824 0 0
303556.50161082 0 0
303556.55213828 0 0
303556.60322542 0 0
303556.65402743 0 0
303556.70536129 0 0
303556.75632299 0 0
303556.80729685 0 0
303556.85813247 0 0
303556.90945353 0 0
303556.96079123 0 0
303556.101204605 0 0
303556.106298823 0 0
303556.111394576 0 0
303556.116484058 0 0
303556.121564196 0 0
303556.126652398 0 0
303556.131734232 0 0
303556.136915330 0 0
303556.142026476 0 0
303556.147109813 0 0
303556.152196319 0 0
303556.157282185 0 0
303556.162410419 0 0
303556.167496541 0 0
303556.172588103 0 0
303556.177674001 0 0
303556.182762298 0 0
303556.187843428 0 0
303556.192931566 0 0
303556.198012792 0 0
303556.203090338 0 0
303556.208171724 0 0
303556.213261653 0 0
303556.218341535 0 0
303556.223505449 0 0
303556.228626771 0 0
303556.233765373 0 0
303556.238847431 0 0
303556.243927729 0 0
303556.249113851 0 0
303556.254325189 0 0
303556.259411407 0 0
303556.264512344 0 0
303556.269606338 0 0
303556.274733676 0 0
303556.279894102 0 0
303556.284984608 0 0
303556.290068394 0 0
303556.295153972 0 0
303556.300241694 0 0
303556.305430216 0 0
303556.310513937 0 0
303556.315596123 0 0
303556.320681317 0 0
303556.325762287 0 0
303556.330841689 0 0
303556.335994083 0 0
303556.341206573 0 0
303556.346290231 0 0
303556.351373056 0 0
303556.356459274 0 0
303556.361548148 0 0
303556.366641566 0 0
303556.371723144 0 0
303556.376809938 0 0
303556.381894044 0 0
303556.386973605 0 0
303556.392059023 0 0
303556.397148729 0 0
303556.402228611 0 0
303556.407310733 0 0
303556.412420183 0 0
303556.417544097 0 0
303556.422700106 0 0
303556.427836116 0 0
303556.432916510 0 0
303556.437987176 0 0
303556.443076274 0 0
303556.448167580 0 0
303556.453263654 0 0
303556.458395664 0 0
303556.463597402 0 0
303556.468912868 0 0
303556.474168622 0 0
303556.479342040 0 0
303556.484433378 0 0
303556.489562508 0 0
303556.494727030 0 0
303556.499931648 0 0
303556.505065994 0 0
303556.510187956 0 0
303556.515317086 0 0
303556.520406824 0 0
303556.525499601 0 0
303556.530583291 0 0
303556.535765925 0 0
303556.540905583 0 0
303556.545993401 0 0
303556.551076035 0 0
303556.556163565 0 0
303556.561248951 0 0
303556.566329312 0 0
303556.571398666 0 0
303556.576477204 0 0
303556.581556510 0 0
303556.586635816 0 0
303556.591714001 0 0
303556.596795195 0 0
303556.601945029 0 0
303556.607023887 0 0
303556.612099449 0 0
303556.617187747 0 0
303556.622277837 0 0
303556.627364630 0 0
303556.632437152 0 0
303556.637518282 0 0
303556.642609908 0 0
303556.647690334 0 0
303556.652775496 0 0
303556.657865745 0 0
303556.662944539 0 0
303556.668027749 0 0
303556.673106415 0 0
303556.678185913 0 0
303556.683269155 0 0
303556.688340364 0 0
303556.693456758 0 0
303556.698538112 0 0
303556.703619914 0 0
303556.708703572 0 0
303556.713842718 0 0
303556.718927464 0 0
303556.724013809 0 0
303556.729093435 0 0
303556.734179813 0 0
303556.739254767 0 0
303556.744326169 0 0
303556.749406627 0 0
303556.754483820 0 0
303556.759561334 0 0
303556.764641184 0 0
303556.769724234 0 0
303556.774798996 0 0
303556.779887934 0 0
303556.784980167 0 0
303556.790061905 0 0
303556.795154363 0 0
303556.800232293 0 0
303556.805310383 0 0
303556.810398265 0 0
303556.815482498 0 0
303556.820571404 0 0
303556.825656694 0 0
303556.830736832 0 0
303556.835848202 0 0
303556.840933460 0 0
303556.846015197 0 0
303556.851095623 0 0
303556.856176753 0 0
303556.861251579 0 0
303556.866374373 0 0
303556.871454671 0 0
303556.876543513 0 0
303556.881632962 0 0
303556.886711692 0 0
303556.891789622 0 0
303556.896870720 0 0
303556.901951914 0 0
303556.907053524 0 0
303556.912148029 0 0
303556.917229127 0 0
303556.922306833 0 0
303556.927379515 0 0
303556.932454789 0 0
303556.937513518 0 0
303556.942589656 0 0
303556.947660386 0 0
303556.952739532 0 0
303556.957820502 0 0
303556.962898432 0 0
303556.968395658 0 0
303556.973550836 0 0
303556.978650462 0 0
303556.983745672 0 0
303556.988838930 0 0
303556.993930428 0 0
303556.999034182 0 0
303557.4113871 0 0
303557.9800538 0 0
303557.14882820 0 0
303557.19963630 0 0
303557.25050040 0 0
303557.30153442 0 0
303557.35299980 0 0
303557.40378934 0 0
303557.45459071 0 0
303557.50543625 0 0
303557.55625203 0 0
303557.60701853 0 0
303557.65786471 0 0
303557.70867888 0 0
303557.75951130 0 0
303557.81049796 0 0
303557.86172430 0 0
303557.91267352 0 0
303557.96364546 0 0
303557.101449708 0 0
303557.106555510 0 0
303557.111633023 0 0
303557.116716585 0 0
303557.121795603 0 0
303557.126886589 0 0
303557.132130631 0 0
303557.137202705 0 0
303557.142314779 0 0
303557.147450565 0 0
303557.152543887 0 0
303557.157631000 0 0
303557.162713154 0 0
303557.167798572 0 0
303557.172877654 0 0
303557.177954272 0 0
303557.183031978 0 0
303557.188416564 0 0
303557.193647070 0 0
303557.198748968 0 0
303557.203843730 0 0
303557.208921820 0 0
303557.214014501 0 0
303557.219109903 0 0
303557.224251033 0 0
303557.229343395 0 0
303557.234442573 0 0
303557.239615383 0 0
303557.244708865 0 0
303557.249795755 0 0
303557.254958773 0 0
303557.260043359 0 0
303557.265127688 0 0
303557.270200978 0 0
303557.275324124 0 0
303557.280416230 0 0
303557.285503536 0 0
303557.290627034 0 0
303557.295714820 0 0
303557.300803181 0 0
303557.305891895 0 0
303557.310976833 0 0
303557.316068555 0 0
303557.321157077 0 0
303557.326229727 0 0
303557.331313192 0 0
303557.336398770 0 0
303557.341480444 0 0
303557.346589766 0 0
303557.351725456 0 0
303557.356833786 0 0
303557.362029764 0 0
303557.367130478 0 0
303557.372233976 0 0
303557.377323938 0 0
303557.382403915 0 0
303557.387491221 0 0
303557.392590239 0 0
303557.397678025 0 0
303557.402776499 0 0
303557.407867357 0 0
303557.412978535 0 0
303557.418060944 0 0
303557.423134074 0 0
303557.428207940 0 0
303557.433280654 0 0
303557.438350616 0 0
303557.443442754 0 0
303557.448543787 0 0
303557.453652725 0 0
303557.458743359 0 0
303557.463856745 0 0
303557.469075635 0 0
303557.474181725 0 0
303557.479263047 0 0
303557.484346033 0 0
303557.489454971 0 0
303557.494545732 0 0
303557.499630638 0 0
303557.504724024 0 0
303557.509818242 0 0
303557.514973164 0 0
303557.520139286 0 0
303557.525248416 0 0
303557.530405194 0 0
303557.535530100 0 0
303557.540623966 0 0
303557.545716168 0 0
303557.550807825 0 0
303557.555898971 0 0
303557.560991109 0 0
303557.566079663 0 0
303557.571217081 0 0
303557.576305923 0 0
303557.581393677 0 0
303557.586479126 0 0
303557.591562624 0 0
303557.596656426 0 0
303557.601735796 0 0
303557.606807582 0 0
303557.611918152 0 0
303557.617002610 0 0
303557.622118715 0 0
303557.627239333 0 0
303557.632343183 0 0
303557.637434361 0 0
303557.642521859 0 0
303557.647647757 0 0
303557.652739607 0 0
303557.657834529 0 0
303557.662912202 0 0
303557.667994772 0 0
303557.673220990 0 0
303557.678381064 0 0
303557.683499698 0 0
303557.688605404 0 0
303557.693683718 0 0
303557.698769008 0 0
303557.703861690 0 0
303557.708938724 0 0
303557.714040077 0 0
303557.719134455 0 0
303557.724207265 0 0
303557.729292363 0 0
303557.734382709 0 0
303557.739462399 0 0
303557.744552424 0 0
303557.749637906 0 0
303557.754717020 0 0
303557.759795430 0 0
303557.764873680 0 0
303557.769951482 0 0
303557.775033443 0 0
303557.780105037 0 0
303557.785193975 0 0
303557.790284097 0 0
303557.795373387 0 0
303557.800463765 0 0
303557.805550879 0 0
303557.810638728 0 0
303557.815755666 0 0
303557.820838172 0 0
303557.825915686 0 0
303557.830997232 0 0
303557.836057722 0 0
303557.841141955 0 0
303557.846220045 0 0
303557.851352535 0 0
303557.856430113 0 0
303557.861574443 0 0
303557.866663797 0 0
303557.871750175 0 0
303557.876839209 0 0
303557.881920242 0 0
303557.887015484 0 0
303557.892107078 0 0
303557.897181744 0 0
303557.902325626 0 0
303557.907444452 0 0
303557.912570094 0 0
303557.917656760 0 0
303557.922738337 0 0
303557.927815467 0 0
303557.932895317 0 0
303557.937997567 0 0
303557.943084137 0 0
303557.948186771 0 0
303557.953275677 0 0
303557.958370918 0 0
303557.963465200 0 0
303557.968624762 0 0
303557.973713028 0 0
303557.978799950 0 0
303557.983882840 0 0
303557.988959714 0 0
303557.994043723 0 0
303557.999123029 0 0
303558.4204575 0 0
303558.9276009 0 0
303558.14448211 0 0
303558.19526333 0 0
303558.24615399 0 0
303558.29692880 0 0
303558.34873338 0 0
303558.39978948 0 0
303558.45179630 0 0
303558.50287448 0 0
303558.55390562 0 0
303558.60483884 0 0
303558.65569014 0 0
303558.70664064 0 0
303558.75753290 0 0
303558.80829811 0 0
303558.85959741 0 0
303558.91047143 0 0
303558.96160945 0 0
303558.101271899 0 0
303558.106364261 0 0
303558.111451791 0 0
303558.116596217 0 0
303558.121670243 0 0
303558.126749228 0 0
303558.131911830 0 0
303558.137007296 0 0
303558.142134282 0 0
303558.147222196 0 0
303558.152320254 0 0
303558.157407304 0 0
303558.162494482 0 0
303558.167575803 0 0
303558.172661989 0 0
303558.177749103 0 0
303558.182826041 0 0
303558.187902947 0 0
303558.192987533 0 0
303558.198066902 0 0
303558.203143840 0 0
303558.208229290 0 0
303558.213329876 0 0
303558.218507134 0 0
303558.223604296 0 0
303558.228693874 0 0
303558.233778076 0 0
303558.238850885 0 0
303558.243933167 0 0
303558.249019417 0 0
303558.254103427 0 0
303558.259182189 0 0
303558.264267511 0 0
303558.269353504 0 0
303558.274430122 0 0
303558.279506996 0 0
303558.284592126 0 0
303558.289671240 0 0
303558.294795186 0 0
303558.299871004 0 0
303558.304961509 0 0
303558.310050831 0 0
303558.315138905 0 0
303558.320235971 0 0
303558.325325997 0 0
303558.330413175 0 0
303558.335497377 0 0
303558.340592714 0 0
303558.345681204 0 0
303558.350757278 0 0
303558.355837256 0 0
303558.360925810 0 0
303558.366045116 0 0
303558.371130726 0 0
303558.376220655 0 0
303558.381296441 0 0
303558.386371395 0 0
303558.391554317 0 0
303558.396655895 0 0
303558.401758625 0 0
303558.406854827 0 0
303558.411928437 0 0
303558.417020382 0 0
303558.422108168 0 0
303558.427181810 0 0
303558.432254076 0 0
303558.437345190 0 0
303558.442931697 0 0
303558.448039707 0 0
303558.453127268 0 0
303558.458200910 0 0
303558.463302648 0 0
303558.468396002 0 0
303558.473477868 0 0
303558.478558038 0 0
303558.483642975 0 0
303558.488876842 0 0
303558.493968915 0 0
303558.499046397 0 0
303558.504142471 0 0
303558.509250513 0 0
303558.514452603 0 0
303558.519551685 0 0
303558.524629999 0 0
303558.529743065 0 0
303558.534840995 0 0
303558.539933613 0 0
303558.545037494 0 0
303558.550142560 0 0
303558.555318122 0 0
303558.560480884 0 0
303558.565560478 0 0
303558.570661544 0 0
303558.575770866 0 0
303558.580861852 0 0
303558.585944966 0 0
303558.591034096 0 0
303558.596123961 0 0
303558.601221379 0 0
303558.606316909 0 0
303558.611398007 0 0
303558.616481281 0 0
303558.621577195 0 0
303558.626662357 0 0
303558.631758398 0 0
303558.636842984 0 0
303558.641937394 0 0
303558.647018236 0 0
303558.652105830 0 0
303558.657158480 0 0
303558.662244409 0 0
303558.667323491 0 0
303558.672409645 0 0
303558.677502359 0 0
303558.682598753 0 0
303558.687729515 0 0
303558.692821365 0 0
303558.697896831 0 0
303558.702977384 0 0
303558.708071794 0 0
303558.713155804 0 0
303558.718236390 0 0
303558.723314000 0 0
303558.728504090 0 0
303558.733599268 0 0
303558.738684654 0 0
303558.743769623 0 0
303558.748855393 0 0
303558.753940971 0 0
303558.759017141 0 0
303558.764101855 0 0
303558.769188137 0 0
303558.774269138 0 0
303558.779418652 0 0
303558.784494566 0 0
303558.789652336 0 0
303558.794734874 0 0
303558.799812836 0 0
303558.804897966 0 0
303558.810031000 0 0
303558.815113282 0 0
303558.820199499 0 0
303558.825349397 0 0
303558.830432479 0 0
303558.835514697 0 0
303558.840597651 0 0
303558.845682973 0 0
303558.850760455 0 0
303558.855838032 0 0
303558.860933082 0 0
303558.866008484 0 0
303558.871079342 0 0
303558.876158488 0 0
303558.881240258 0 0
303558.886318892 0 0
303558.891396309 0 0
303558.896479711 0 0
303558.901568809 0 0
303558.906740275 0 0
303558.911878429 0 0
303558.916987527 0 0
303558.922072209 0 0
303558.927143163 0 0
303558.932231108 0 0
303558.937317486 0 0
303558.942395992 0 0
303558.947472994 0 0
303558.952557324 0 0
303558.957632854 0 0
303558.962707775 0 0
303558.967783785 0 0
303558.972875411 0 0
303558.977960445 0 0
303558.983033767 0 0
303558.988121329 0 0
303558.993208475 0 0
303558.998293284 0 0
303559.3371918 0 0
303559.8999833 0 0
303559.14097795 0 0
303559.19179405 0 0
303559.24261303 0 0
303559.29353825 0 0
303559.34437322 0 0
303559.39513556 0 0
303559.44597502 0 0
303559.49674792 0 0
303559.54752210 0 0
303559.59829436 0 0
303559.64904101 0 0
303559.69978799 0 0
303559.75053913 0 0
303559.80152771 0 0
303559.85232333 0 0
303559.90344823 0 0
303559.95490593 0 0
303559.100573355 0 0
303559.105661844 0 0
303559.110768542 0 0
303559.115872520 0 0
303559.120963602 0 0
303559.126041852 0 0
303559.131118886 0 0
303559.136321872 0 0
303559.141400026 0 0
303559.146476995 0 0
303559.151552141 0 0
303559.156620983 0 0
303559.161702465 0 0
303559.166785355 0 0
303559.171862965 0 0
303559.176945854 0 0
303559.182547721 0 0
303559.187656083 0 0
303559.192745181 0 0
303559.197831047 0 0
303559.202922129 0 0
303559.208060891 0 0
303559.213144101 0 0
303559.218226510 0 0
303559.223309400 0 0
303559.228393506 0 0
303559.233475020 0 0
303559.238559126 0 0
303559.243641376 0 0
303559.248742090 0 0
303559.253860819 0 0
303559.258961021 0 0
303559.264049767 0 0
303559.269131665 0 0
303559.274214779 0 0
303559.279294661 0 0
303559.284381647 0 0
303559.289538681 0 0
303559.294619202 0 0
303559.299697132 0 0
303559.304812054 0 0
303559.309894496 0 0
303559.314977802 0 0
303559.320062932 0 0
303559.325142494 0 0
303559.330225799 0 0
303559.335316337 0 0
303559.340404507 0 0
303559.345594277 0 0
303559.350701455 0 0
303559.355797945 0 0
303559.360884963 0 0
303559.365972653 0 0
303559.371055479 0 0
303559.376134720 0 0
303559.381220810 0 0
303559.386301908 0 0
303559.391392734 0 0
303559.396487400 0 0
303559.401614386 0 0
303559.406821116 0 0
303559.411911430 0 0
303559.417006192 0 0
303559.422103162 0 0
303559.427189411 0 0
303559.432259725 0 0
303559.437330519 0 0
303559.442400001 0 0
303559.447553963 0 0
303559.452870197 0 0
303559.458077759 0 0
303559.463152841 0 0
303559.468231379 0 0
303559.473312541 0 0
303559.478390791 0 0
303559.483463312 0 0
303559.488541530 0 0
303559.493630820 0 0
303559.498723854 0 0
303559.503800280 0 0
303559.508875490 0 0
303559.513966572 0 0
303559.519056053 0 0
303559.524191263 0 0
303559.529474026 0 0
303559.534674996 0 0
303559.539784606 0 0
303559.545937226 0 0
303559.551104628 0 0
303559.556203997 0 0
303559.561302023 0 0
303559.566394417 0 0
303559.571475995 0 0
303559.576611621 0 0
303559.581691023 0 0
303559.586776025 0 0
303559.592250211 0 0
303559.597361069 0 0
303559.602492055 0 0
303559.607697441 0 0
303559.612821931 0 0
303559.617909237 0 0
303559.622999295 0 0
303559.628089001 0 0
303559.633178355 0 0
303559.638267229 0 0
303559.643352230 0 0
303559.648444944 0 0
303559.653590490 0 0
303559.658807076 0 0
303559.664417999 0 0
303559.669544441 0 0
303559.674634403 0 0
303559.679724813 0 0
303559.684829943 0 0
303559.689917409 0 0
303559.695023083 0 0
303559.700134676 0 0
303559.705226046 0 0
303559.710391816 0 0
303559.715526514 0 0
303559.720696412 0 0
303559.725821702 0 0
303559.730953168 0 0
303559.736076890 0 0
303559.741166820 0 0
303559.746256910 0 0
303559.751415256 0 0
303559.756519714 0 0
303559.761613868 0 0
303559.766702677 0 0
303559.771793759 0 0
303559.776972937 0 0
303559.782143251 0 0
303559.787237949 0 0
303559.792346311 0 0
303559.797435889 0 0
303559.802524699 0 0
303559.807615621 0 0
303559.812711023 0 0
303559.817800536 0 0
303559.822890370 0 0
303559.827984460 0 0
303559.833154902 0 0
303559.838328832 0 0
303559.843452394 0 0
303559.848545332 0 0
303559.853686846 0 0
303559.858804520 0 0
303559.863919218 0 0
303559.869014140 0 0
303559.874109190 0 0
303559.879260656 0 0
303559.884357882 0 0
303559.889656004 0 0
303559.894855630 0 0
303559.899957592 0 0
303559.905728963 0 0
303559.910916877 0 0
303559.916034103 0 0
303559.921120865 0 0
303559.926215147 0 0
303559.931308309 0 0
303559.936396766 0 0
303559.941484552 0 0
303559.946643442 0 0
303559.951871356 0 0
303559.956986438 0 0
303559.962081584 0 0
303559.967174042 0 0
303559.972260868 0 0
303559.977354094 0 0
303559.982444024 0 0
303559.987615714 0 0
303559.992711468 0 0
303559.997800053 0 0
303560.2887647 0 0
303560.8126505 0 0
303560.13333203 0 0
303560.18446461 0 0
303560.23538247 0 0
303560.28637297 0 0
303560.33798619 0 0
303560.39004645 0 0
303560.44094543 0 0
303560.49181785 0 0
303560.54268003 0 0
303560.59353325 0 0
303560.64474839 0 0
303560.69613185 0 0
303560.74717226 0 0
303560.79807060 0 0
303560.84899198 0 0
303560.89993896 0 0
303560.95081458 0 0
303560.100280284 0 0
303560.105372582 0 0
303560.110459696 0 0
303560.115551322 0 0
303560.120664164 0 0
303560.125802637 0 0
303560.130895767 0 0
303560.135991009 0 0
303560.141143979 0 0
303560.146236885 0 0
303560.151323519 0 0
303560.156418569 0 0
303560.161504083 0 0
303560.166586685 0 0
303560.171672838 0 0
303560.176785456 0 0
303560.182005050 0 0
303560.187100004 0 0
303560.192188654 0 0
303560.197271256 0 0
303560.202355586 0 0
303560.207448140 0 0
303560.212542134 0 0
303560.217675360 0 0
303560.222761801 0 0
303560.227850067 0 0
303560.232955165 0 0
303560.238087271 0 0
303560.243181361 0 0
303560.248271963 0 0
303560.253356549 0 0
303560.258439919 0 0
303560.263523096 0 0
303560.268617634 0 0
303560.273778988 0 0
303560.278868918 0 0
303560.283954304 0 0
303560.289052746 0 0
303560.294274900 0 0
303560.299399998 0 0
303560.304488904 0 0
303560.309574738 0 0
303560.314659356 0 0
303560.319745637 0 0
303560.324832911 0 0
303560.329917817 0 0
303560.335001923 0 0
303560.340091213 0 0
303560.345186167 0 0
303560.350331617 0 0
303560.355461707 0 0
303560.360596373 0 0
303560.365695295 0 0
303560.370837193 0 0
303560.375924114 0 0
303560.381015996 0 0
303560.386103174 0 0
303560.391200816 0 0
303560.396321530 0 0
303560.401447108 0 0
303560.406657358 0 0
303560.411761112 0 0
303560.416857026 0 0
303560.421982892 0 0
303560.427056822 0 0
303560.432160191 0 0
303560.437237929 0 0
303560.442311027 0 0
303560.447398685 0 0
303560.452540487 0 0
303560.457674929 0 0
303560.462802267 0 0
303560.467901765 0 0
303560.472984111 0 0
303560.478139673 0 0
303560.483219298 0 0
303560.488291788 0 0
303560.493381846 0 0
303560.498469664 0 0
303560.503576394 0 0
303560.508692084 0 0
303560.513794046 0 0
303560.518893256 0 0
303560.523990898 0 0
303560.529162204 0 0
303560.534256613 0 0
303560.539384751 0 0
303560.544466809 0 0
303560.549547427 0 0
303560.554635533 0 0
303560.559714007 0 0
303560.564856673 0 0
303560.569938603 0 0
303560.575137397 0 0
303560.580240639 0 0
303560.585366217 0 0
303560.590513971 0 0
303560.595756733 0 0
303560.600866471 0 0
303560.605976689 0 0
303560.611091162 0 0
303560.616220964 0 0
303560.621411470 0 0
303560.626531640 0 0
303560.631623394 0 0
303560.636719052 0 0
303560.641815990 0 0
303560.646893984 0 0
303560.651988010 0 0
303560.657175284 0 0
303560.662268958 0 0
303560.667356744 0 0
303560.672446577 0 0
303560.677531995 0 0
303560.682874438 0 0
303560.688168976 0 0
303560.693328090 0 0
303560.698470116 0 0
303560.703597902 0 0
303560.708710776 0 0
303560.713827714 0 0
303560.718952780 0 0
303560.724080790 0 0
303560.729167615 0 0
303560.734271273 0 0
303560.739375027 0 0
303560.744472413 0 0
303560.749586375 0 0
303560.754700337 0 0
303560.759789755 0 0
303560.764886469 0 0
303560.769978735 0 0
303560.775072024 0 0
303560.780273315 0 0
303560.785367308 0 0
303560.790473878 0 0
303560.795565312 0 0
303560.800662954 0 0
303560.805773844 0 0
303560.810888894 0 0
303560.815977768 0 0
303560.821070930 0 0
303560.826162076 0 0
303560.831253541 0 0
303560.836432560 0 0
303560.841533785 0 0
303560.846628003 0 0
303560.851715693 0 0
303560.856806455 0 0
303560.861956673 0 0
303560.867105355 0 0
303560.872194325 0 0
303560.877279775 0 0
303560.882371113 0 0
303560.887480083 0 0
303560.892649469 0 0
303560.897778246 0 0
303560.902901232 0 0
303560.908036890 0 0
303560.913149444 0 0
303560.918277358 0 0
303560.923412536 0 0
303560.928505506 0 0
303560.933619468 0 0
303560.938739542 0 0
303560.943836480 0 0
303560.948925930 0 0
303560.954012660 0 0
303560.959110781 0 0
303560.964204615 0 0
303560.969288785 0 0
303560.974481211 0 0
303560.979603621 0 0
303560.984705999 0 0
303560.989790105 0 0
303560.994879587 0 0
303560.999969805 0 0
303561.5113335 0 0
303561.10293441 0 0
303561.15413323 0 0
303561.21476406 0 0
303561.26595008 0 0
303561.31803434 0 0
303561.36909652 0 0
303561.41997662 0 0
303561.47083336 0 0
303561.52201810 0 0
303561.57326492 0 0
303561.62426790 0 0
303561.67521520 0 0
303561.72666074 0 0
303561.77775780 0 0
303561.82876493 0 0
303561.87969911 0 0
303561.93066497 0 0
303561.98179531 0 0
303561.103782838 0 0
303561.108965600 0 0
303561.114096042 0 0
303561.119204948 0 0
303561.124346142 0 0
303561.129468456 0 0
303561.134570834 0 0
303561.139738236 0 0
303561.144840518 0 0
303561.149945648 0 0
303561.155035737 0 0
303561.160124067 0 0
303561.165222125 0 0
303561.170372279 0 0
303561.175459841 0 0
303561.180556267 0 0
303561.185647765 0 0
303561.190740127 0 0
303561.195829161 0 0
303561.200920498 0 0
303561.206033596 0 0
303561.211142950 0 0
303561.216224112 0 0
303561.221317658 0 0
303561.226437604 0 0
303561.231561102 0 0
303561.236669144 0 0
303561.241759234 0 0
303561.246846347 0 0
303561.251933365 0 0
303561.257018719 0 0
303561.262128841 0 0
303561.267244019 0 0
303561.272339229 0 0
303561.277431623 0 0
303561.282525553 0 0
303561.287673787 0 0
303561.292764485 0 0
303561.297852878 0 0
303561.302937432 0 0
303561.308088674 0 0
303561.313185164 0 0
303561.318294134 0 0
303561.323397536 0 0
303561.328485514 0 0
303561.333577588 0 0
303561.338685566 0 0
303561.343792968 0 0
303561.348883601 0 0
303561.354038555 0 0
303561.359191173 0 0
303561.364311055 0 0
303561.369428281 0 0
303561.374544771 0 0
303561.379653805 0 0
303561.384737047 0 0
303561.389823425 0 0
303561.394914603 0 0
303561.400089781 0 0
303561.405188447 0 0
303561.410279689 0 0
303561.415367826 0 0
303561.420529404 0 0
303561.425651398 0 0
303561.431126161 0 0
303561.436343515 0 0
303561.441464229 0 0
303561.446562543 0 0
303561.452308794 0 0
303561.457465252 0 0
303561.462654062 0 0
303561.467857784 0 0
303561.472959490 0 0
303561.478045708 0 0
303561.483254774 0 0
303561.488441728 0 0
303561.493563338 0 0
303561.498652500 0 0
303561.503728350 0 0
303561.508815688 0 0
303561.513959954 0 0
303561.519126780 0 0
303561.524213734 0 0
303561.529293840 0 0
303561.534440506 0 0
303561.539606948 0 0
303561.544714381 0 0
303561.549853527 0 0
303561.554947105 0 0
303561.560048651 0 0
303561.565158965 0 0
303561.570248479 0 0
303561.575339401 0 0
303561.580425491 0 0
303561.585510141 0 0
303561.590592838 0 0
303561.595672656 0 0
303561.600756538 0 0
303561.605849124 0 0
303561.610938414 0 0
303561.616089464 0 0
303561.621178562 0 0
303561.626263436 0 0
303561.631348022 0 0
303561.636435167 0 0
303561.641525257 0 0
303561.646603763 0 0
303561.651682461 0 0
303561.656765031 0 0
303561.661850385 0 0
303561.666925499 0 0
303561.672000324 0 0
303561.677306639 0 0
303561.682491129 0 0
303561.687658403 0 0
303561.692765741 0 0
303561.697864023 0 0
303561.702956321 0 0
303561.708042986 0 0
303561.713135220 0 0
303561.718236350 0 0
303561.723338472 0 0
303561.728428434 0 0
303561.733500764 0 0
303561.738585030 0 0
303561.743667792 0 0
303561.748753113 0 0
303561.753831971 0 0
303561.759008077 0 0
303561.764092215 0 0
303561.769171329 0 0
303561.774247691 0 0
303561.779329941 0 0
303561.784414111 0 0
303561.789489864 0 0
303561.794565618 0 0
303561.799653788 0 0
303561.804742310 0 0
303561.809823952 0 0
303561.814901178 0 0
303561.819978692 0 0
303561.825057517 0 0
303561.830134487 0 0
303561.835213249 0 0
303561.840297675 0 0
303561.845374389 0 0
303561.850523487 0 0
303561.855679081 0 0
303561.860759667 0 0
303561.865832093 0 0
303561.870907590 0 0
303561.875985264 0 0
303561.881061626 0 0
303561.886134724 0 0
303561.891212910 0 0
303561.896325400 0 0
303561.901439362 0 0
303561.906557324 0 0
303561.911641238 0 0
303561.916722367 0 0
303561.921805865 0 0
303561.926882387 0 0
303561.931956701 0 0
303561.937032135 0 0
303561.942108273 0 0
303561.947181914 0 0
303561.952271588 0 0
303561.957350958 0 0
303561.962426136 0 0
303561.967507266 0 0
303561.972599660 0 0
303561.977769622 0 0
303561.983204032 0 0
303561.988482443 0 0
303561.993608533 0 0
303561.998698590 0 0
303562.3792680 0 0
303562.8876818 0 0
303562.14130972 0 0
303562.19282630 0 0
303562.24368720 0 0
303562.29443130 0 0
303562.34519748 0 0
303562.39591822 0 0
303562.44662968 0 0
303562.49734561 0 0
303562.54804523 0 0
303562.59898709 0 0
303562.64982687 0 0
303562.70058153 0 0
303562.75128531 0 0
303562.80198461 0 0
303562.85270950 0 0
303562.90344528 0 0
303562.95432250 0 0
303562.100509956 0 0
303562.105605006 0 0
303562.110774776 0 0
303562.115918626 0 0
303562.121011468 100 0
303562.126099446 100 0
303562.131188096 100 0
303562.136285865 100 0
303562.141371699 0 0
303562.146460381 0 0
303562.151551175 0 0
303562.156631857 0 0
303562.161713211 0 0
303562.166793797 0 0
303562.171977871 0 0
303562.177276057 0 0
303562.182388739 0 0
303562.187469741 0 0
303562.192559575 0 0
303562.197652481 0 0
303562.202740650 0 0
303562.207827220 0 0
303562.212912606 0 0
303562.217989032 0 31
303562.223085874 0 31
303562.228219772 0 31
303562.233310374 0 31
303562.238395376 0 0
303562.243472793 0 0
303562.248549539 0 0
303562.253629997 0 0
303562.258706231 0 0
303562.263783809 0 0
303562.268858443 0 0
303562.273927669 0 0
303562.278997438 0 0
303562.284120104 0 0
303562.289199602 0 0
303562.294273404 0 0
303562.299377510 0 4
303562.304450832 0 4
303562.309521018 0 4
303562.314593444 0 19
303562.319670285 0 19
303562.324752023 0 19
303562.329852545 0 19
303562.334934955 0 0
303562.340024917 0 0
303562.345100959 0 0
303562.350174473 0 0
303562.355245266 0 0
303562.360315100 0 0
303562.365384902 0 0
303562.370457552 0 0
303562.375526938 0 0
303562.380597316 0 0
303562.385667886 0 0
303562.390738391 0 0
303562.395811745 0 0
303562.400886795 0 0
303562.405963765 0 0
303562.411042879 0 0
303562.416131017 0 0
303562.421224051 0 0
303562.426298940 0 0
303562.431376262 0 0
303562.436452752 0 0
303562.441560954 0 0
303562.446636420 0 0
303562.451759470 0 0
303562.456885784 0 0
303562.461983682 0 0
303562.467087180 0 0
303562.472182454 0 0
303562.477256831 0 0
303562.482338473 0 0
303562.487428883 0 0
303562.492577181 0 0
303562.497799751 0 0
303562.502922993 0 0
303562.508397116 0 0
303562.513514118 0 0
303562.518602832 0 0
303562.523675194 0 0
303562.528768611 0 0
303562.533851117 0 0
303562.538924695 0 0
303562.543996577 0 0
303562.549211147 0 0
303562.554283957 0 0
303562.559362559 0 0
303562.564446793 0 0
303562.569527251 0 0
303562.574601148 0 0
303562.579673222 0 0
303562.584745104 0 0
303562.589815866 0 0
303562.594896612 0 0
303562.599981038 0 85
303562.605398264 0 85
303562.610482818 0 85
303562.615561228 0 85
303562.620653302 0 59
303562.625897216 0 59
303562.631024042 0 59
303562.636490453 0 0
303562.641590846 0 0
303562.646668424 0 0
303562.651756274 0 0
303562.656874364 0 0
303562.662012774 0 0
303562.667119568 0 58
303562.672223962 0 58
303562.677322532 0 58
303562.682690574 0 99
303562.687785080 0 99
303562.692876386 100 99
303562.697965164 0 99
303562.703056182 100 99
303562.708151232 0 99
303562.713231882 100 99
303562.718380180 0 99
303562.723507390 0 85
303562.728602407 100 85
303562.733734033 100 85
303562.738840987 100 8
303562.743947173 100 8
303562.749056143 100 8
303562.754158617 100 28
303562.759241379 0 28
303562.764388749 0 28
303562.769454647 0 88
303562.774525697 0 88
303562.779595658 0 88
303562.784675668 0 99
303562.789767870 0 99
303562.794866024 0 99
303562.799991218 0 50
303562.805144508 100 50
303562.810278086 100 50
303562.815517968 100 78
303562.820619514 0 78
303562.825714308 100 78
303562.830810382 0 78
303562.835897528 0 21
303562.840981922 0 21
303562.846068172 0 21
303562.851147669 0 99
303562.856221343 0 99
303562.861295945 0 99
303562.866374195 0 99
303562.871484797 0 99
303562.876582375 100 99
303562.881718993 100 5
303562.886816827 0 5
303562.891915269 100 5
303562.896998478 0 5
303562.902079416 100 74
303562.907175490 100 74
303562.912306828 100 74
303562.917420246 100 74
303562.922557504 100 75
303562.927703594 100 75
303562.932837620 100 75
303562.937969726 100 78
303562.943103336 0 78
303562.949664085 100 78
303562.954758431 0 84
303562.959841512 0 84
303562.964914226 0 84
303562.969987100 0 99
303562.975059430 0 99
303562.980135568 0 99
303562.985228250 0 99
303562.990520676 0 99
303562.995645262 100 99
303563.762424 100 16
303563.5899842 100 16
303563.11059596 100 16
303563.16188118 100 77
303563.21325920 100 77
303563.26459530 100 77
303563.31608596 100 77
303563.36731038 100 59
303563.41861800 0 59
303563.46955666 100 59
303563.52037275 0 77
303563.60150603 0 77
303563.65243861 0 77
303563.70371199 0 77
303563.75499017 100 99
303563.80627731 100 99
303563.85760189 100 32
303563.90889671 0 32
303563.96091281 100 32
303563.101615420 100 80
303563.106754310 100 80
303563.115979384 100 80
303563.121169314 100 78
303563.126271020 100 78
303563.131349397 0 78
303563.136421247 0 68
303563.141493353 0 68
303563.146634163 0 68
303563.151753565 0 93
303563.156879207 100 93
303563.162003441 100 93
303563.167106939 100 47
303563.172936998 100 47
303563.178045072 100 47
303563.183146874 100 47
303563.188252676 100 47
303563.193371662 100 47
303563.198486104 100 47
303563.203572834 100 68
303563.208681004 0 68
303563.213761525 100 68
303563.218843199 0 79
303563.227155119 0 79
303563.232270681 0 79
303563.237399619 0 84
303563.242537325 100 84
303563.247651031 100 84
303563.252757153 100 47
303563.257882507 100 47
303563.263017845 100 47
303563.268130623 100 63
303563.273251657 100 63
303563.281330489 100 63
303563.286445731 100 84
303563.291534253 0 84
303563.296620758 0 84
303563.301878305 0 99
303563.307020523 0 99
303563.312144725 100 99
303563.317253630 100 99
303563.323080490 100 44
303563.328217396 100 44
303563.337452358 100 44
303563.343690226 100 72
303563.348816764 100 72
303563.353969222 100 22
303563.359118960 100 22
303563.364219194 100 22
303563.369298756 0 81
303563.374386413 0 81
303563.379467383 0 81
303563.384563073 0 99
303563.392284592 0 99
303563.397391546 100 99
303563.402512196 100 12
303563.407641582 100 12
303563.412781784 100 12
303563.420263943 100 81
303563.425379345 100 81
303563.430473754 100 81
303563.435800293 100 14
303563.440914383 100 14
303563.446795514 100 14
303563.452101028 100 54
303563.457398223 100 54
303563.462741817 100 54
303563.468327460 100 1
303563.473565486 0 1
303563.480080315 0 1
303563.485564901 0 72
303563.490858608 0 72
303563.496514811 0 72
303563.501894245 0 69
303563.507026959 100 69
303563.512133305 100 69
303563.517256931 100 0
303563.522370925 100 0
303563.527482071 0 0
303563.532655009 100 11
303563.538378028 100 11
303563.543564214 0 11
303563.548701056 100 11
303563.553845002 100 77
303563.558963348 100 77
303563.564078558 100 77
303563.569216520 100 54
303563.574339538 100 54
303563.579464668 0 54
303563.584552198 0 66
303563.589632176 0 66
303563.596149948 0 66
303563.601286438 0 75
303563.606411728 100 75
303563.611922875 100 75
303563.617049765 100 53
303563.622205391 100 53
303563.628086810 100 53
303563.633205380 100 47
303563.638331662 100 47
303563.643465560 100 47
303563.648571266 100 80
303563.653654892 0 80
303563.658736310 0 80
303563.663809632 0 80
303563.668889130 0 99
303563.674025620 100 99
303563.679226814 100 99
303563.684364680 100 99
303563.689488274 100 25
303563.694642076 100 25
303563.699775462 100 25
303563.704896880 100 64
303563.710010586 100 64
303563.715121795 100 64
303563.720228237 0 59
303563.725346007 100 59
303563.730503521 0 59
303563.735726796 0 99
303563.740829045 0 99
303563.745940511 100 99
303563.751045257 100 27
303563.756159219 100 27
303563.761268157 0 27
303563.766384007 100 77
303563.771497457 100 77
303563.776603611 100 77
303563.781716069 100 77
303563.786843919 100 47
303563.791973689 100 47
303563.797064611 100 47
303563.802157709 0 62
303563.807332279 0 62
303563.812461121 0 62
303563.817561675 100 59
303563.822697365 100 59
303563.827825822 100 59
303563.836638256 100 75
303563.842166170 100 75
303563.847514501 100 75
303563.852866959 100 20
303563.858168249 100 20
303563.863232323 100 20
303563.868309389 100 20
303563.873388919 0 68
303563.879726275 0 68
303563.884856525 0 68
303563.890083543 100 77
303563.895309090 100 77
303563.900435372 100 39
303563.905589110 100 39
303563.910717952 100 39
303563.915828073 100 39
303563.920963443 100 42
303563.926725855 100 42
303563.931834953 0 42
303563.936922034 100 65
303563.942000444 0 65
303563.947112870 0 65
303563.952216432 0 98
303563.957339194 0 98
303563.962660132 100 98
303563.967793454 100 98
303563.973011097 100 35
303563.978475939 100 35
303563.983609101 100 44
303563.988737047 100 44
303563.993866113 100 44
303563.998967147 100 73
303564.4082389 0 73
303564.9172799 0 73
303564.14264745 0 73
303564.19408083 0 90
303564.24522397 100 90
303564.29751207 100 90
303564.34955761 100 40
303564.40126907 100 40
303564.45263909 100 40
303564.50410223 100 53
303564.55671769 100 53
303564.60794755 100 53
303564.65885069 0 42
303564.70976887 100 42
303564.76032385 100 42
303564.81056714 0 42
303564.86153396 0 99
303564.91255230 100 99
303564.96671913 0 99
303564.102026835 100 99
303564.107387486 100 45
303564.115988270 100 45
303564.121375897 100 39
303564.126682787 100 39
303564.132239406 100 39
303564.137354520 100 48
303564.142447522 100 48
303564.147526700 100 48
303564.152800566 0 86
303564.157948384 0 86
303564.163058154 100 86
303564.171917275 100 54
303564.177039525 100 54
303564.182299983 100 54
303564.187769210 100 48
303564.192885508 100 48
303564.198260238 100 48
303564.203388952 100 54
303564.208487970 100 54
303564.213567340 0 54
303564.218642038 100 54
303564.226035812 0 71
303564.231130638 0 71
303564.236286776 100 48
303564.242061699 100 48
303564.247220589 100 48
303564.252373111 100 61
303564.258387395 100 61
303564.263516301 100 61
303564.268647127 100 46
303564.273779457 100 46
303564.282068113 100 46
303564.287178939 100 65
303564.292260261 0 65
303564.297352207 0 65
303564.302491001 0 71
303564.307641987 100 71
303564.312775117 100 71
303564.318351768 100 58
303564.323518498 100 58
303564.328641964 100 58
303564.333893206 100 49
303564.339009760 100 49
303564.344114442 100 49
303564.349218548 100 32
303564.354318717 0 32
303564.359406695 100 32
303564.364488081 0 32
303564.369581403 0 99
303564.374714661 100 99
303564.379834703 100 99
303564.385709243 100 99
303564.390987685 100 48
303564.396116559 100 48
303564.401261273 100 48
303564.406384771 100 41
303564.411753389 100 41
303564.417717177 100 41
303564.423984837 100 49
303564.429175055 100 49
303564.434957914 0 49
303564.440156900 0 76
303564.445266158 0 76
303564.450382552 100 76
303564.455497442 100 42
303564.460615404 0 42
303564.465721622 0 42
303564.470809504 0 0
303564.475919786 100 0
303564.481040852 0 0
303564.486169022 100 0
303564.491269608 100 0
303564.496368498 100 0
303564.501473436 100 33
303564.506617318 100 33
303564.512093584 100 33
303564.517233786 100 7
303564.522340260 100 7
303564.527501934 100 7
303564.532681912 100 7
303564.537852066 100 41
303564.543005356 100 41
303564.548170902 100 41
303564.553341760 100 48
303564.558446986 100 48
303564.563555924 0 48
303564.568648926 0 77
303564.573746408 0 77
303564.578856498 100 77
303564.583971356 100 51
303564.589072902 100 51
303564.594188016 100 51
303564.599315546 100 51
303564.604434116 100 62
303564.609566318 100 62
303564.614685496 100 62
303564.619815298 100 51
303564.624962156 0 51
303564.630081622 100 51
303564.635173503 0 51
303564.640266825 0 81
303564.645393619 100 81
303564.650518941 100 81
303564.655726823 100 42
303564.660880305 100 42
303564.666265372 100 42
303564.671927303 100 75
303564.677262513 100 75
303564.682631964 100 75
303564.687970758 100 15
303564.693681777 100 15
303564.699003644 0 15
303564.704132358 0 59
303564.709211567 100 59
303564.714304857 0 59
303564.719407139 0 95
303564.724530125 100 95
303564.732205308 100 95
303564.737351142 100 39
303564.742534768 100 39
303564.747722554 100 39
303564.752884324 100 42
303564.758029870 100 42
303564.763202040 100 42
303564.768340994 100 48
303564.773463884 100 48
303564.778554038 0 48
303564.783635488 0 91
303564.792060624 0 91
303564.797200794 100 91
303564.802376933 100 91
303564.807541967 100 28
303564.812673753 100 28
303564.817879043 100 28
303564.823027725 100 79
303564.828183351 100 79
303564.833353793 100 79
303564.838492107 100 48
303564.843599509 0 48
303564.848692479 100 65
303564.853780008 0 65
303564.858873906 0 65
303564.863994396 0 65
303564.869401383 100 53
303564.874951026 100 53
303564.880166300 100 53
303564.885360134 100 74
303564.890554224 100 74
303564.895683578 100 74
303564.901191525 100 49
303564.906564687 100 49
303564.911846649 100 49
303564.916908867 100 49
303564.921988877 0 40
303564.927074135 100 40
303564.932177601 0 40
303564.937332619 0 84
303564.942653493 100 84
303564.948868641 100 84
303564.954323500 100 39
303564.961001337 100 39
303564.966421443 100 39
303564.971793230 100 44
303564.977309593 100 44
303564.982900355 100 44
303564.987976141 100 49
303564.993150935 0 49
303564.998252225 100 49
303565.3336619 0 82
303565.8422165 0 82
303565.17899304 0 82
303565.23377650 100 54
303565.28532988 100 54
303565.33704774 100 54
303565.38925616 100 61
303565.44038650 100 61
303565.49190052 100 61
303565.54330702 100 52
303565.59454776 100 52
303565.64545826 0 52
303565.69915469 100 70
303565.77593596 0 70
303565.82915494 100 70
303565.88797393 100 52
303565.94133436 100 52
303565.99505926 100 52
303565.104857393 100 75
303565.110174395 100 75
303565.115533989 100 75
303565.120925584 100 49
303565.125989562 100 49
303565.134997707 0 49
303565.140102485 100 49
303565.145213983 0 65
303565.150335657 0 65
303565.155485395 100 64
303565.160612477 100 64
303565.165751015 100 64
303565.170934289 100 68
303565.176127259 100 68
303565.181267429 100 68
303565.189048660 100 50
303565.194185566 100 50
303565.199306760 100 50
303565.204409938 0 43
303565.209502908 100 43
303565.216257097 0 43
303565.221358867 0 90
303565.226508637 100 90
303565.231662343 100 90
303565.236796785 100 45
303565.246548388 100 45
303565.251702478 100 45
303565.256830744 100 33
303565.261988258 100 33
303565.267149644 100 33
303565.272267062 100 48
303565.277364416 100 48
303565.282446154 0 48
303565.289262807 0 92
303565.294591457 100 92
303565.300549485 100 92
303565.305876503 100 56
303565.311033153 100 56
303565.316175275 100 56
303565.321452758 100 53
303565.326581216 100 53
303565.331708170 100 53
303565.336845364 100 48
303565.341984670 100 48
303565.347101064 100 48
303565.352260978 100 68
303565.357380668 0 68
303565.362475494 0 68
303565.367619152 0 68
303565.372878426 100 60
303565.378150532 100 60
303565.383266798 100 45
303565.388396376 100 45
303565.393546914 100 45
303565.398701612 100 45
303565.403854454 100 45
303565.409020192 100 45
303565.414153098 100 45
303565.419307028 100 45
303565.424416862 0 67
303565.429602216 100 67
303565.436442773 0 67
303565.441567487 100 99
303565.446673801 100 99
303565.451791187 100 99
303565.456917725 100 3
303565.462018087 100 3
303565.467129393 100 0
303565.474708160 100 0
303565.479809898 100 0
303565.485010100 100 0
303565.490327902 100 37
303565.495744937 100 37
303565.501156019 100 37
303565.506464670 100 39
303565.511938728 100 39
303565.517215219 100 39
303565.522331100 100 28
303565.527485862 100 28
303565.533091825 100 28
303565.538380092 100 59
303565.543578150 100 59
303565.551092980 0 82
303565.556308319 0 82
303565.561557385 100 82
303565.566689811 100 82
303565.572362622 100 28
303565.577527176 100 28
303565.582669138 100 28
303565.588212541 100 51
303565.593340775 100 51
303565.598491153 100 51
303565.603621851 100 17
303565.608763269 100 17
303565.613905359 100 17
303565.619006361 0 66
303565.624104642 100 66
303565.629193612 0 66
303565.634285398 0 66
303565.639377472 100 85
303565.644490282 100 85
303565.649670644 100 37
303565.654834142 100 37
303565.659995592 100 37
303565.665220370 100 37
303565.670331580 100 43
303565.675443718 100 43
303565.680621200 100 43
303565.685751482 100 43
303565.690879652 0 68
303565.696138831 100 68
303565.701236600 0 99
303565.706348098 0 99
303565.711451244 100 99
303565.716548438 100 21
303565.721666720 100 21
303565.726823946 100 21
303565.731995412 100 21
303565.737189150 100 61
303565.742317064 100 61
303565.747446450 100 61
303565.752582044 100 51
303565.757719878 0 51
303565.765384629 100 51
303565.770562335 0 51
303565.775841258 100 85
303565.781215572 100 85
303565.786971743 0 85
303565.792330602 100 55
303565.797696884 100 55
303565.803135647 100 59
303565.808405449 100 59
303565.813778515 100 59
303565.820514688 100 59
303565.825585738 100 48
303565.830688276 100 48
303565.835767870 0 48
303565.840851400 0 50
303565.845964114 0 50
303565.851103420 0 50
303565.856542887 100 60
303565.861678449 100 60
303565.866836027 100 60
303565.871998277 100 73
303565.879405619 100 73
303565.884983582 100 73
303565.890475817 100 11
303565.895879603 100 11
303565.901227037 100 11
303565.906285767 100 65
303565.911379505 0 65
303565.916473915 0 65
303565.921583557 0 99
303565.926703887 100 99
303565.932308090 100 99
303565.937459140 100 39
303565.942583470 100 39
303565.947716984 100 39
303565.952840706 100 46
303565.957970508 100 46
303565.963115062 100 46
303565.968464608 100 48
303565.973702346 100 48
303565.978806932 100 48
303565.983897854 0 73
303565.989534601 0 73
303565.994652531 0 73
303565.999768765 100 73
303566.4872167 100 46
303566.10427410 100 46
303566.15717052 100 46
303566.21101031 100 62
303566.27087602 100 62
303566.32371293 100 62
303566.37733735 100 44
303566.43023505 100 44
303566.48141051 100 44
303566.53329381 100 67
303566.58430831 100 67
303566.63539033 0 67
303566.68643555 0 67
303566.73773549 100 78
303566.78899959 100 78
303566.84066753 100 78
303566.89234763 100 50
303566.94416085 100 50
303566.99541439 100 50
303566.104668937 100 50
303566.109811763 100 56
303566.114968093 100 56
303566.120056135 100 35
303566.125163409 0 35
303566.130254875 100 35
303566.135359557 0 35
303566.140540079 0 99
303566.145656217 100 99
303566.150801123 0 99
303566.155956813 100 44
303566.163735964 100 44
303566.168890150 100 44
303566.174026384 100 40
303566.179182394 100 40
303566.184425636 100 40
303566.189537998 100 46
303566.194635672 100 46
303566.199731682 0 46
303566.204829164 0 79
303566.209940566 0 79
303566.219654633 100 79
303566.225591252 100 53
303566.230730750 100 53
303566.235906089 100 53
303566.241050963 100 54
303566.246187037 100 54
303566.251383399 100 54
303566.256516913 100 56
303566.261643099 100 56
303566.266741412 0 56
303566.272108047 0 67
303566.277218969 0 67
303566.282363747 0 67
303566.287479725 100 52
303566.292877015 100 52
303566.298011329 100 52
303566.303159467 100 70
303566.308402646 100 70
303566.313520960 100 70
303566.318647786 100 48
303566.323856020 100 48
303566.328922014 100 48
303566.335456170 100 48
303566.340557108 100 67
303566.345659390 0 67
303566.350777704 0 67
303566.355925266 100 66
303566.361073468 100 66
303566.366242214 100 66
303566.371452464 100 68
303566.376583162 100 68
303566.381701092 100 68
303566.386812974 100 50
303566.391932024 100 50
303566.397040034 100 50
303566.402139180 0 50
303566.407221846 100 32
303566.412300608 0 32
303566.418817420 0 32
303566.423947894 0 98
303566.429067296 100 98
303566.434178442 100 98
303566.439302356 100 34
303566.444418302 100 34
303566.449516584 100 34
303566.454910611 100 1
303566.460077821 100 1
303566.465206855 100 1
303566.470351697 100 37
303566.475507995 100 37
303566.480626341 100 37
303566.486362896 100 0
303566.491507258 100 0
303566.496631044 100 0
303566.504157587 100 0
303566.509291805 100 48
303566.515176648 0 48
303566.520274770 100 48
303566.525392380 0 49
303566.530510118 0 49
303566.535609904 100 49
303566.540716794 100 69
303566.545835908 100 69
303566.552358832 0 69
303566.559312094 100 53
303566.564478088 100 53
303566.569611506 100 53
303566.574762748 100 24
303566.579911654 100 24
303566.585055408 100 24
303566.590201082 100 28
303566.595333412 100 28
303566.600434094 100 28
303566.605517496 0 63
303566.610596130 0 63
303566.615709260 0 63
303566.620813302 0 63
303566.625931840 100 79
303566.631072202 100 79
303566.636244276 100 38
303566.641384414 100 38
303566.646549960 100 38
303566.651697874 100 43
303566.656822908 100 43
303566.661946534 100 43
303566.667060656 100 58
303566.672204730 0 58
303566.677305924 100 58
303566.682399214 100 58
303566.687516823 0 58
303566.692705058 0 99
303566.697851180 100 99
303566.702969206 100 99
303566.708064127 100 41
303566.713202313 100 41
303566.718333235 100 41
303566.723443037 100 53
303566.728632839 100 53
303566.733919090 100 53
303566.739048124 0 48
303566.744145062 100 48
303566.749238992 0 48
303566.754332570 0 85
303566.759434851 0 85
303566.764552909 100 85
303566.770127960 0 54
303566.775261602 100 54
303566.780652621 100 54
303566.788378844 100 54
303566.793731046 100 61
303566.799049169 100 61
303566.805094396 100 61
303566.810471463 100 46
303566.815565329 100 46
303566.820682523 100 46
303566.825777861 0 66
303566.830916527 0 66
303566.836130361 100 66
303566.844067912 100 60
303566.849203602 100 60
303566.854363740 100 37
303566.859534342 100 37
303566.864684912 100 37
303566.869851962 100 41
303566.874998660 100 41
303566.880127822 100 41
303566.885243288 100 52
303566.890361506 0 52
303566.895459660 100 52
303566.900554678 0 99
303566.905671808 0 99
303566.911054315 100 99
303566.916463573 100 99
303566.921807327 100 49
303566.927153994 100 49
303566.932513940 100 49
303566.937847903 100 49
303566.943321161 100 47
303566.948726836 100 47
303566.956278499 100 50
303566.961432301 100 50
303566.966534711 100 50
303566.974239334 0 97
303566.979366416 0 97
303566.985032731 100 97
303566.990167301 100 52
303566.995344271 100 52
303567.1466683 100 52
303567.6801221 100 53
303567.12582128 100 53
303567.17886522 100 53
303567.23265029 100 49
303567.28457231 100 49
303567.33535033 100 49
303567.38626595 0 60
303567.46097297 0 60
303567.51237819 0 60
303567.56907110 100 59
303567.62044048 100 59
303567.67207834 100 59
303567.72331044 100 59
303567.77477966 100 77
303567.82633529 100 77
303567.87762530 100 11
303567.92893260 100 11
303567.98021590 100 11
303567.103137600 100 11
303567.108229258 0 64
303567.113310388 0 64
303567.118425566 0 64
303567.128049009 100 95
303567.133184731 100 95
303567.138348133 100 28
303567.143501231 100 28
303567.148629241 100 28
303567.153750979 100 28
303567.158903597 100 53
303567.164086775 100 53
303567.169225089 100 53
303567.174352843 100 51
303567.179500565 0 51
303567.184616735 100 51
303567.192580015 0 93
303567.197700056 0 93
303567.203546628 100 93
303567.208667022 100 58
303567.213840824 100 58
303567.219020706 100 58
303567.224137004 100 53
303567.229283894 100 53
303567.234424000 100 53
303567.239596074 100 51
303567.244704468 100 51
303567.249789278 100 51
303567.256509995 0 99
303567.261592501 0 99
303567.266750815 100 99
303567.271919913 100 53
303567.277098803 100 53
303567.282323997 100 53
303567.287492103 100 53
303567.292626641 100 53
303567.297733787 100 53
303567.302888965 100 53
303567.308057807 100 52
303567.313173721 0 52
303567.318273827 100 52
303567.323351309 0 63
303567.328466071 0 63
303567.333589569 0 63
303567.338693323 100 52
303567.344257430 100 52
303567.349411264 100 52
303567.354540778 100 71
303567.359720500 100 71
303567.365543039 100 71
303567.370682601 100 15
303567.375820243 100 15
303567.380961821 100 15
303567.386070055 100 69
303567.391158001 100 69
303567.396253723 0 69
303567.404841228 0 99
303567.411269912 0 99
303567.416401858 100 99
303567.421518092 100 16
303567.426662422 100 16
303567.431778912 100 16
303567.436898250 100 45
303567.442036628 100 45
303567.447153854 100 45
303567.452266280 100 15
303567.457369074 100 15
303567.462890813 100 15
303567.468155175 100 15
303567.473450833 100 20
303567.478756124 100 20
303567.484122406 100 20
303567.489489969 100 31
303567.494610715 100 31
303567.499752101 100 31
303567.504852495 0 97
303567.509969145 0 97
303567.515082914 0 97
303567.520184908 100 97
303567.525280278 100 97
303567.530385536 100 24
303567.535501386 100 24
303567.540639860 100 0
303567.545775678 100 0
303567.550911528 100 0
303567.556122802 100 57
303567.561240316 100 57
303567.566401094 100 57
303567.571549008 100 57
303567.576656570 100 51
303567.581792292 100 51
303567.586929742 0 61
303567.592042264 100 61
303567.597346531 0 61
303567.602602093 0 81
303567.607758359 100 81
303567.612977921 100 81
303567.618361260 100 81
303567.623751350 100 55
303567.629112353 100 55
303567.634559211 100 55
303567.641155032 100 45
303567.646569667 100 45
303567.651849037 100 45
303567.656933751 100 32
303567.662030849 0 32
303567.667119883 100 32
303567.672213076 0 99
303567.677341566 0 99
303567.682472904 100 99
303567.688118227 100 55
303567.693256765 100 55
303567.698377671 100 55
303567.703629010 100 55
303567.708902268 100 42
303567.714020390 100 42
303567.719174896 100 42
303567.724307450 100 46
303567.729414980 0 46
303567.734509358 100 46
303567.739588216 0 67
303567.746867334 0 67
303567.756339160 100 67
303567.761643203 100 55
303567.767129581 100 55
303567.772460344 100 54
303567.778413379 100 54
303567.783820046 100 54
303567.789204664 100 54
303567.794486115 0 54
303567.799556748 0 54
303567.804634294 100 68
303567.811712996 0 68
303567.816827438 0 68
303567.821948152 100 69
303567.827058114 100 69
303567.832504045 100 69
303567.837661559 100 69
303567.843214786 100 42
303567.848362988 100 42
303567.853522006 100 37
303567.858684832 100 37
303567.863836842 100 37
303567.868960276 100 58
303567.874074494 0 58
303567.879162984 100 58
303567.884242065 0 58
303567.889354811 0 99
303567.894493573 0 99
303567.900041904 0 99
303567.905172474 100 49
303567.910300164 100 49
303567.915461422 100 49
303567.920586520 100 41
303567.925712130 100 41
303567.932095279 100 41
303567.937259801 100 41
303567.942400643 100 51
303567.947510573 100 51
303567.952602615 100 51
303567.957684640 0 55
303567.964567246 0 55
303567.969723096 0 55
303567.974970754 100 63
303567.980069004 100 63
303567.985758615 100 63
303567.991099522 100 63
303567.996227596 100 68
303568.1461750 100 68
303568.6779392 100 21
303568.12453003 100 21
303568.17829398 100 21
303568.22882303 100 66
303568.27962825 0 66
303568.33126003 0 66
303568.38253085 0 91
303568.44059369 100 91
303568.49182675 100 91
303568.54706365 100 91
303568.59857543 100 16
303568.65122034 100 16
303568.70279868 100 16
303568.75415462 100 65
303568.80567280 100 65
303568.85792474 100 65
303568.90900356 100 51
303568.95994542 0 51
303568.101142616 0 51
303568.106253826 100 81
303568.111470060 0 81
303568.116588662 100 81
303568.122552546 100 57
303568.127706860 0 57
303568.132849782 100 57
303568.138009120 100 65
303568.143150410 100 65
303568.148268820 100 65
303568.153535934 100 51
303568.158661640 100 51
303568.163761874 100 51
303568.168854108 0 49
303568.173936838 0 49
303568.182651095 0 49
303568.187784961 100 49
303568.192971979 100 64
303568.198124661 0 64
303568.203309535 100 64
303568.208450153 100 68
303568.216160504 100 68
303568.221579426 100 68
303568.226872589 100 16
303568.232102743 100 16
303568.237215617 100 16
303568.242312811 100 66
303568.247401013 0 66
303568.254554819 0 66
303568.259700781 0 99
303568.264819767 100 99
303568.273823816 100 99
303568.278970546 100 44
303568.284136636 100 44
303568.289576935 100 40
303568.294760689 100 40
303568.299919515 100 40
303568.305057029 100 51
303568.310162543 100 51
303568.315243001 100 51
303568.320326083 0 79
303568.328131378 0 79
303568.333271676 0 79
303568.338397254 100 79
303568.343574832 100 39
303568.348715738 100 39
303568.353859492 100 39
303568.358984142 100 65
303568.364096600 100 65
303568.369245218 100 65
303568.374663789 100 51
303568.379783639 100 51
303568.384895553 100 51
303568.389991979 100 67
303568.395160981 0 67
303568.400372447 0 67
303568.405467017 100 64
303568.411139156 100 64
303568.416260606 100 64
303568.421406600 100 69
303568.426534034 100 69
303568.431640348 100 69
303568.436717510 100 12
303568.441833872 100 12
303568.446972666 100 12
303568.452050883 100 12
303568.457154701 100 0
303568.462325303 100 0
303568.467455649 100 0
303568.472570379 100 46
303568.478004598 100 46
303568.488307946 100 46
303568.493662805 100 31
303568.499066239 0 31
303568.504214601 0 31
303568.509340211 100 87
303568.514463005 100 87
303568.519582055 100 87
303568.524679121 100 0
303568.529773723 100 0
303568.534915941 100 0
303568.540108815 100 70
303568.545246105 100 70
303568.550378883 0 70
303568.555477965 100 52
303568.560590647 100 52
303568.565701953 100 52
303568.570810155 100 52
303568.575896757 0 36
303568.580993823 0 36
303568.586109641 0 36
303568.591200979 100 90
303568.596355805 100 90
303568.601844551 100 90
303568.609455926 100 44