Interpreter has 8 subgraphs 
======================================
Subgraph ID 1 has 237 tensors and 9
subgraph type 3
partitioning type 1
partitioning ratio 15
======================================
Subgraph ID 2 has 234 tensors and 1
subgraph type 0
partitioning type 0
partitioning ratio 0
======================================
Subgraph ID 3 has 237 tensors and 12
subgraph type 3
partitioning type 1
partitioning ratio 15
======================================
Subgraph ID 4 has 234 tensors and 1
subgraph type 0
partitioning type 0
partitioning ratio 0
======================================
Subgraph ID 5 has 237 tensors and 12
subgraph type 3
partitioning type 1
partitioning ratio 15
======================================
Subgraph ID 6 has 234 tensors and 1
subgraph type 0
partitioning type 0
partitioning ratio 0
======================================
Subgraph ID 7 has 239 tensors and 23
subgraph type 1
partitioning type 0
partitioning ratio 0
======================================
Subgraph ID 8 has 234 tensors and 97
subgraph type 0
partitioning type 0
partitioning ratio 0
Sub Interpreter has 3 subgraphs 
======================================
Subgraph ID 1 has 237 tensors and 8
subgraph type 2
partitioning type 1
partitioning ratio 15
======================================
Subgraph ID 2 has 237 tensors and 11
subgraph type 2
partitioning type 1
partitioning ratio 0
======================================
Subgraph ID 3 has 237 tensors and 11
subgraph type 2
partitioning type 1
partitioning ratio 15
======================================
LOG_START
0.0236891 0.00486721 0.0399327 0.00229194 0.0197707 0.00142813 0.0331298 0.0146635 0.236108 
0.00877574 0.00197905 0.0189227 0.000537121 0.0103547 0.000356865 0.0207782 0.00965821 0.119826 
0.00703848 0.00158388 0.00892899 0.00048701 0.00900275 0.000299713 0.0213735 0.0101751 0.126554 
0.00632597 0.000788034 0.0107309 0.000541985 0.0108138 0.000389249 0.0203059 0.0130788 0.119292 
0.0054412 0.000894979 0.00920137 0.000492322 0.0105371 0.000310785 0.0216479 0.00987392 0.114604 
0.00809129 0.00220359 0.00966009 0.000460897 0.0110068 0.000312833 0.0205166 0.00635765 0.107017 
0.00677096 0.000863651 0.0124854 0.00100164 0.00969945 0.000322497 0.0214383 0.0110907 0.119973 
0.00670408 0.000827299 0.00828031 0.000403362 0.00841532 0.000363009 0.0204586 0.00919289 0.105676 
0.006567 0.000791938 0.0160527 0.000449569 0.00910745 0.000284353 0.0203887 0.00763141 0.11324 
0.00740562 0.000884546 0.00833334 0.000528866 0.00878159 0.000285376 0.0203736 0.0137984 0.108878 
0.0065149 0.000885186 0.0119409 0.000432546 0.00885187 0.000278529 0.0206455 0.00935526 0.104292 
0.00590267 0.000708002 0.00811577 0.000412993 0.00920464 0.000320481 0.0220493 0.00726034 0.103238 
0.00669032 0.000748738 0.00844406 0.000555265 0.00862099 0.000371105 0.0201968 0.0095414 0.100339 
0.0071469 0.000748514 0.012195 0.000422945 0.00871452 0.000342913 0.0204356 0.010101 0.107492 
0.00665768 0.000703714 0.00797215 0.000428706 0.00842985 0.000337729 0.0201685 0.0109217 0.109554 
0.00629477 0.000743234 0.00784658 0.000513506 0.00810793 0.000392289 0.0201094 0.00852316 0.102335 
0.0066316 0.000784002 0.00828473 0.000402625 0.00854732 0.000322113 0.022085 0.0117541 0.113113 
0.00579339 0.000690338 0.0084038 0.000473282 0.00855673 0.000319681 0.0202464 0.0142076 0.116227 
0.00663944 0.00208727 0.00796146 0.000535234 0.0187789 0.000352481 0.0200099 0.0124871 0.121408 
0.00575551 0.000847555 0.00810217 0.000479233 0.00967571 0.000312097 0.0202094 0.0112275 0.113127 
0.00611157 0.00075773 0.00760041 0.000499137 0.0654021 0.000296705 0.0272299 0.019264 0.197402 
0.00734025 0.000733123 0.0144833 0.000540961 0.0087239 0.000302209 0.0205627 0.00980745 0.144332 
0.00531938 0.000758275 0.00876367 0.000460226 0.00921888 0.000285601 0.0203795 0.0112915 0.119955 
0.0074749 0.000836003 0.0116497 0.000425378 0.00986704 0.000327105 0.0203187 0.0128283 0.135309 
0.00615458 0.000668834 0.00840729 0.000453377 0.00842262 0.0003 0.0201879 0.0147047 0.114025 
0.00568824 0.00072781 0.00684786 0.000483234 0.00908572 0.000275424 0.019941 0.0113458 0.109879 
0.00573752 0.00090781 0.0118186 0.000480641 0.0094823 0.000291841 0.0208003 0.0128258 0.126414 
0.00699663 0.000756931 0.0089463 0.000465313 0.00876329 0.000320993 0.0201549 0.0117997 0.125914 
0.00800521 0.000816547 0.0103875 0.000489889 0.00810057 0.000270016 0.0202641 0.0133093 0.122366 
0.00571566 0.00070189 0.00877094 0.000398529 0.00853481 0.000292513 0.0200025 0.00889023 0.108365 
0.00643516 0.000692514 0.0124774 0.000413697 0.00847407 0.000295137 0.0200544 0.0136649 0.111267 
0.0065316 0.000727682 0.0125124 0.000467553 0.00837743 0.000307425 0.0200165 0.0103743 0.108544 
0.00642872 0.000738979 0.00999968 0.000403777 0.0084367 0.000325537 0.0202607 0.0120848 0.11157 
0.00923686 0.000721794 0.0088375 0.00142858 0.0129454 0.000596354 0.0199097 0.0130936 0.119578 
0.00538472 0.000699298 0.00857283 0.000417505 0.00789334 0.000293089 0.020179 0.00951081 0.106994 
0.00664197 0.000719426 0.00900428 0.000383169 0.00816751 0.000306529 0.0197049 0.00997286 0.117158 
0.00590117 0.000713666 0.00951353 0.000380865 0.00864636 0.000282849 0.0202837 0.0107466 0.114873 
0.0064222 0.000735106 0.00894339 0.000431842 0.00863145 0.000273505 0.0200983 0.0106264 0.103332 
0.00557058 0.00171546 0.0080613 0.000427009 0.00850786 0.0002872 0.0202098 0.0125761 0.110133 
0.00685468 0.000649922 0.00834857 0.000399394 0.013437 0.000285921 0.0200524 0.00981046 0.11256 
0.00535915 0.00068557 0.00978633 0.000441601 0.0092064 0.000333121 0.0204275 0.0129484 0.117975 
0.00577237 0.00236266 0.00705567 0.000410497 0.00990281 0.000367873 0.0202823 0.0103614 0.116064 
0.00575902 0.00071229 0.00825926 0.000423137 0.00809599 0.000297793 0.0199761 0.0138123 0.118085 
0.00564795 0.00128135 0.00886595 0.000395362 0.00906483 0.000271137 0.0203058 0.0103252 0.107462 
0.00651797 0.000751075 0.00871542 0.000434241 0.00885414 0.000309089 0.0208257 0.0111393 0.100562 
0.00806438 0.000743714 0.00932137 0.000384098 0.00855683 0.000333569 0.0257104 0.0105146 0.103195 
0.00628111 0.00067629 0.00927436 0.000368961 0.00890764 0.000331873 0.0202781 0.0120605 0.104191 
0.00581371 0.00075917 0.00812226 0.000382977 0.00889084 0.000326817 0.0237371 0.013563 0.121135 
0.00627746 0.00124263 0.00921753 0.000445633 0.00858166 0.000247521 0.0201033 0.0101173 0.108259 
0.00594095 0.00071293 0.00781119 0.000362177 0.00835871 0.000280929 0.0201262 0.0149424 0.111574 
0.00614978 0.000731714 0.0177961 0.000377313 0.00822732 0.00026784 0.0203063 0.0151575 0.111829 
0.00516197 0.000830434 0.00826921 0.000374721 0.00867462 0.000362562 0.0205004 0.0155992 0.120385 
0.00584795 0.000727235 0.00816162 0.000429761 0.00831123 0.000297025 0.0203808 0.0120372 0.128759 
0.00569618 0.00154605 0.0111442 0.000370945 0.00867519 0.000253728 0.020052 0.0121218 0.119097 
0.00512219 0.000707106 0.00813078 0.000392449 0.00883551 0.00025728 0.020025 0.00775945 0.117342 
0.0066549 0.000710562 0.0093791 0.000419074 0.00794364 0.000285601 0.0199324 0.00991392 0.115648 
0.00522338 0.000669666 0.0101859 0.000412994 0.00969126 0.000260705 0.0200109 0.0133268 0.10432 
0.00591947 0.00069325 0.0124923 0.000584705 0.00799023 0.000276001 0.0211743 0.0115861 0.110528 
0.00714748 0.00079869 0.00807359 0.000365985 0.00809289 0.000293217 0.020011 0.0163986 0.113014 
0.0067398 0.000666626 0.00803919 0.000378177 0.0082039 0.000292225 0.0212714 0.0135732 0.111208 
0.00697625 0.000731266 0.00814399 0.000399009 0.0087878 0.000289601 0.0199679 0.0140363 0.0996174 
0.0060092 0.000727746 0.00771257 0.000385409 0.00808428 0.000304641 0.0200277 0.0276368 0.129853 
0.00517515 0.000706274 0.0168598 0.000375137 0.0080886 0.000273921 0.0206606 0.00899452 0.106483 
0.00579544 0.000760706 0.00803359 0.000454113 0.00866479 0.000342081 0.0200409 0.0144003 0.120146 
0.00579058 0.00077853 0.0230909 0.000366529 0.018111 0.000265921 0.0212303 0.015095 0.117445 
0.00530933 0.000678818 0.00800354 0.000631906 0.00815148 0.000345697 0.0199647 0.0139177 0.110803 
0.00568341 0.000685122 0.006854 0.000359585 0.0109677 0.000265057 0.0207316 0.0178258 0.125502 
0.00574239 0.000989443 0.0166659 0.000421665 0.00885532 0.000262112 0.0200018 0.0114182 0.116344 
0.00580456 0.000682658 0.0141831 0.000391138 0.00807426 0.000440002 0.021362 0.0135417 0.127818 
0.00765253 0.000981987 0.00814719 0.000722882 0.0086101 0.00063421 0.0214907 0.0113911 0.19262 
0.00817343 0.000964643 0.0106324 0.000443617 0.00822217 0.000315073 0.0203123 0.012833 0.141579 
0.00604184 0.000744514 0.00831948 0.000400673 0.00848684 0.000312865 0.0200239 0.0117564 0.10606 
0.00631109 0.000707842 0.0080429 0.000404225 0.00855199 0.000246113 0.0202454 0.0125028 0.114424 
0.00633304 0.000677858 0.00844083 0.000415041 0.00844783 0.000313505 0.0197819 0.0125247 0.111893 
0.00686018 0.000669122 0.0121773 0.000440993 0.00856844 0.000265313 0.0202339 0.0121551 0.120172 
0.00531483 0.000692002 0.0131388 0.000390113 0.00860636 0.000275745 0.0197947 0.0130921 0.107934 
0.00566251 0.000802275 0.0120549 0.000475425 0.0086439 0.000275073 0.0203121 0.0147583 0.1135 
0.00550117 0.000793891 0.00896019 0.000445345 0.00800652 0.000302881 0.0210366 0.0193131 0.125589 
0.0055275 0.00191642 0.00900681 0.000395553 0.00837606 0.000276673 0.0207844 0.0126537 0.114331 
0.00592725 0.000754338 0.00819442 0.000454306 0.00856425 0.000316673 0.0201338 0.0103195 0.11421 
0.00586367 0.00065581 0.00809817 0.000395649 0.00878022 0.000405378 0.0204426 0.0130171 0.115366 
0.00564533 0.000786178 0.00773839 0.000394529 0.00859059 0.000355489 0.0198989 0.0122304 0.110358 
0.00562146 0.000738179 0.00784876 0.00040813 0.00813391 0.000286049 0.0202083 0.0144507 0.118062 
0.00526581 0.000686082 0.00892495 0.000439745 0.00861276 0.000350785 0.0198508 0.0129923 0.114715 
0.00599003 0.00068813 0.00902233 0.000388289 0.0085854 0.000412513 0.0204095 0.0106347 0.113801 
0.00514709 0.00076973 0.0160438 0.000411329 0.00852396 0.000331873 0.0199434 0.00846089 0.099569 
0.00656799 0.00071725 0.00813481 0.000370753 0.0079838 0.00109431 0.0202606 0.0151127 0.106111 
0.0057037 0.000753026 0.00811586 0.000458113 0.0117509 0.000329665 0.020132 0.0119662 0.119342 
0.006447 0.000770946 0.0104764 0.000461249 0.00865862 0.000284001 0.0201616 0.00954624 0.10706 
0.00584776 0.00100336 0.0159596 0.000444386 0.00812438 0.000249217 0.0207035 0.0132017 0.107767 
0.00562907 0.00154929 0.00873439 0.000476545 0.00846793 0.000357633 0.0204193 0.0114772 0.121973 
0.00574539 0.000697314 0.0084687 0.000389377 0.0088806 0.000277793 0.0201967 0.00955347 0.108995 
0.00609045 0.000729858 0.0103977 0.000426081 0.0089727 0.000290976 0.0201306 0.00999904 0.116655 
0.00655608 0.000702626 0.00942339 0.000402689 0.00838143 0.000281377 0.0206191 0.0136724 0.120012 
0.00643298 0.000742051 0.00762578 0.000428417 0.00823826 0.000242529 0.0198055 0.00844979 0.1116 
0.0181706 0.000836034 0.00838258 0.00045341 0.0078389 0.000328481 0.0200452 0.0117004 0.105709 
0.00618549 0.000699682 0.00823369 0.000454402 0.00819094 0.000263712 0.0199229 0.0147177 0.117955 
0.00569586 0.000695522 0.00975206 0.000383265 0.00848105 0.000270977 0.0199939 0.010679 0.113085 
0.005622 0.000668002 0.00880223 0.000446849 0.00808511 0.000333505 0.0198484 0.0116791 0.10735 
0.00592389 0.00072765 0.0146295 0.000386977 0.00905049 0.000275456 0.0210911 0.0107437 0.0968468 
0.00541403 0.000729346 0.0121432 0.000414977 0.00934534 0.000271457 0.0199182 0.0100753 0.107079 
0.00585211 0.00078077 0.00801321 0.000461666 0.00827503 0.000355809 0.0202158 0.0146854 0.107882 
0.0052653 0.003682 0.00837398 0.000435201 0.00886131 0.000278465 0.0201177 0.0108785 0.123556 
0.0146663 0.000750658 0.00766748 0.000357985 0.00838265 0.000329344 0.0200664 0.0162764 0.103135 
0.00512043 0.00067229 0.00774191 0.000477537 0.00825715 0.000295552 0.020019 0.0122164 0.108397 
0.00635752 0.000751779 0.00748588 0.000386529 0.00768351 0.000309441 0.0197486 0.00955277 0.105767 
0.00572757 0.00141277 0.00824873 0.00048989 0.00825372 0.000367585 0.0206878 0.00965158 0.10825 
0.0068757 0.000824067 0.00794681 0.000387553 0.0084382 0.000258177 0.0199569 0.0112729 0.103518 
0.00587656 0.000784738 0.00791388 0.00046093 0.00821359 0.000258592 0.0201821 0.0141881 0.110495 
0.00583682 0.000677794 0.0117578 0.000363265 0.0121071 0.000256385 0.0198491 0.0133417 0.113876 
0.00624578 0.000695842 0.00773254 0.000373409 0.0081375 0.000287777 0.0199914 0.0133768 0.117611 
0.00551902 0.000691202 0.00783612 0.00044349 0.00839926 0.000280865 0.0200299 0.0104922 0.118495 
0.00523448 0.000723778 0.00800719 0.000409378 0.00819084 0.000281569 0.0199565 0.0117981 0.105466 
0.0057243 0.000677026 0.00736517 0.000371361 0.00835695 0.000273953 0.0200453 0.0124464 0.11332 
0.00588815 0.000658562 0.00739423 0.000422849 0.0080071 0.000271873 0.0206011 0.01054 0.116681 
0.00631007 0.00162641 0.00994784 0.000389985 0.0088743 0.000285089 0.0203144 0.0126637 0.110374 
0.00586703 0.000708642 0.0103042 0.000421537 0.00838886 0.000298689 0.0198973 0.0105151 0.111789 
0.00591589 0.000665602 0.0076358 0.000401633 0.00855366 0.000244032 0.0199508 0.0133592 0.11854 
0.00530341 0.000694274 0.0163407 0.000403105 0.0083231 0.000279745 0.0202224 0.0117092 0.107589 
0.00644085 0.000744867 0.00973069 0.000354945 0.00808415 0.000363777 0.0198265 0.0118555 0.11276 
0.00660709 0.000640673 0.00887705 0.00046589 0.0102123 0.000323617 0.0206417 0.0116143 0.104409 
0.00562181 0.000687522 0.0164592 0.000427617 0.00835702 0.000298753 0.020091 0.00888428 0.113329 
0.00669164 0.00266298 0.00886479 0.000457057 0.00837705 0.000273696 0.0200427 0.0148167 0.113037 
0.00561141 0.000698946 0.0164938 0.000431457 0.00857084 0.000239457 0.0196657 0.0140379 0.121036 
0.00567474 0.000694626 0.0129193 0.000377345 0.00858748 0.000346689 0.0202632 0.0120113 0.0985669 
0.00574197 0.000746979 0.00889468 0.000497761 0.00884652 0.000267969 0.0209876 0.0121884 0.109376 
0.0100901 0.00068941 0.00745228 0.000390113 0.00839279 0.000267265 0.0200661 0.0135011 0.0994627 
0.00624543 0.00128477 0.00734821 0.000381505 0.0092046 0.000290977 0.0210865 0.00974553 0.105409 
0.00599634 0.000665538 0.0103046 0.00043229 0.00849596 0.000331617 0.0201106 0.0126605 0.100946 
0.00676693 0.000645922 0.0116151 0.000419937 0.00862694 0.000351201 0.0202558 0.0125928 0.102564 
0.00692607 0.000845314 0.00762172 0.000405154 0.00864422 0.000260832 0.0200165 0.0134862 0.105992 
0.00527432 0.00072685 0.00813014 0.000372641 0.00805516 0.000263649 0.0197093 0.0114427 0.104296 
0.00575192 0.000666658 0.0119925 0.000428353 0.00854403 0.000279617 0.0206348 0.0103697 0.105398 
0.00785593 0.000696098 0.00956307 0.000462785 0.0205628 0.000274753 0.0201689 0.0131463 0.112386 
0.0064924 0.000633602 0.00837164 0.000398146 0.008003 0.000309312 0.0200551 0.0121926 0.110241 
0.0188897 0.000724834 0.0159877 0.000407809 0.00803737 0.000267968 0.0200301 0.0138906 0.0971773 
0.00567048 0.00110416 0.0078214 0.000390433 0.00857804 0.000267072 0.0202656 0.011048 0.106562 
0.00673692 0.000867203 0.00895471 0.00040557 0.00898444 0.000269793 0.0199242 0.0116162 0.105365 
0.00556104 0.000730051 0.00947968 0.000392481 0.0102653 0.000276481 0.0199622 0.0104747 0.109047 
0.00596795 0.000722754 0.0081614 0.000449857 0.00837702 0.000250401 0.0197275 0.00907923 0.104381 
0.00673093 0.00068957 0.0164495 0.000398209 0.00906166 0.000272801 0.0199849 0.0165991 0.108046 
0.00565256 0.000675138 0.0114763 0.000404161 0.00964285 0.000318273 0.0199972 0.0116461 0.107885 
0.0125051 0.000683842 0.00926828 0.000367329 0.00820994 0.000366977 0.0203311 0.00831804 0.0976901 
0.00552606 0.000655298 0.00866066 0.000468706 0.00821868 0.000231457 0.0200509 0.0102554 0.102092 
0.00542837 0.000703394 0.0156774 0.000373985 0.00833561 0.000240161 0.0198505 0.0110928 0.103029 
0.00675295 0.000671778 0.0083807 0.000388161 0.00820767 0.000276225 0.0199569 0.0107746 0.106229 
0.00604674 0.00081661 0.00838367 0.000412993 0.00835555 0.000295297 0.0201326 0.0138117 0.112307 
0.00515778 0.000682786 0.0227413 0.000350881 0.00737452 0.000296161 0.0201753 0.0124642 0.124947 
0.0053435 0.000739298 0.0130963 0.000407105 0.00862556 0.000312577 0.020023 0.00946672 0.109926 
0.00564056 0.000647362 0.00819618 0.000414977 0.00891779 0.000296897 0.0204232 0.015609 0.134898 
0.00715343 0.000738466 0.00787957 0.000501697 0.00938364 0.000271265 0.0197394 0.00815522 0.098911 
0.00565423 0.000763362 0.00734975 0.000503105 0.00848662 0.000257249 0.0200219 0.0124452 0.111743 
0.00578546 0.00075917 0.00902278 0.000397473 0.00927228 0.000263649 0.0200141 0.00807446 0.116019 
0.00607371 0.00074077 0.0085711 0.000417601 0.00872892 0.000270272 0.0202359 0.0172403 0.111185 
0.00577109 0.000791971 0.0170273 0.000394209 0.00828354 0.000263457 0.0209303 0.0120445 0.108896 
0.00538677 0.000640642 0.0166327 0.000475937 0.00861926 0.000251649 0.0200533 0.0125703 0.109961 
0.00639496 0.000679362 0.0126579 0.000464674 0.00964864 0.000249408 0.0202249 0.0166243 0.114772 
0.00597221 0.000792738 0.00837529 0.000427073 0.00853862 0.000233664 0.0198494 0.0137929 0.119098 
0.00693231 0.000682114 0.0081829 0.000361473 0.00847961 0.000306913 0.0205315 0.0126038 0.115844 
0.00725097 0.00071917 0.00921753 0.000412354 0.0127691 0.000347617 0.020004 0.0127018 0.117541 
0.00570386 0.000702434 0.00876038 0.000374209 0.00872095 0.000274881 0.0200561 0.012915 0.118413 
0.00592261 0.00075085 0.0152226 0.00037261 0.00885052 0.000242848 0.0198967 0.0124713 0.107359 
0.00590431 0.000760386 0.00931164 0.000367617 0.00896607 0.000271489 0.0210659 0.0136206 0.112373 
0.00574117 0.000691266 0.00824195 0.000404738 0.00842281 0.000291393 0.0202386 0.0140702 0.11593 
0.00570981 0.00068829 0.00795788 0.000366817 0.00892729 0.000309664 0.0200218 0.00986118 0.103792 
0.00719093 0.000711234 0.0103947 0.000370785 0.00803183 0.000242817 0.0201087 0.00975814 0.0970868 
0.00595218 0.000675298 0.00815446 0.000392673 0.00798054 0.000298401 0.020474 0.0143402 0.111012 
0.00690101 0.000663329 0.00822668 0.00035357 0.00849459 0.000297601 0.0199723 0.0154747 0.107565 
0.0062518 0.000771203 0.00756597 0.000526722 0.00842412 0.000309121 0.0202946 0.013584 0.102374 
0.00511179 0.000867331 0.00897916 0.000397537 0.00813228 0.000311553 0.0197857 0.0151147 0.10882 
0.00586747 0.000698082 0.00844188 0.000373921 0.00803388 0.000313825 0.0202358 0.0119316 0.0955714 
0.00644063 0.000636834 0.00744175 0.000350369 0.00845983 0.000268993 0.0198939 0.0109777 0.0941734 
0.00566258 0.000672002 0.0219314 0.000448897 0.00879465 0.000282657 0.0201108 0.0112841 0.119538 
0.0059197 0.000731202 0.00996393 0.000338017 0.00845164 0.000239489 0.0204942 0.0111141 0.106522 
0.00738431 0.000743587 0.0158361 0.000357666 0.00902921 0.000289601 0.0201147 0.00867209 0.10507 
0.00736562 0.00071965 0.016177 0.000365953 0.00944188 0.000264513 0.0201473 0.0122041 0.0999442 
0.0120881 0.000708674 0.016407 0.000379842 0.00808127 0.000246624 0.0201566 0.0147271 0.104482 
0.00635707 0.000722178 0.00755727 0.00049229 0.00842092 0.000343617 0.0199645 0.0143671 0.103606 
0.00580677 0.000675362 0.00916166 0.000407105 0.0177373 0.000218753 0.0210329 0.0092799 0.113393 
0.0065124 0.0014514 0.00845788 0.000441282 0.00891155 0.000337857 0.0199831 0.0123517 0.112137 
0.00577624 0.00066557 0.0128084 0.000434273 0.00830703 0.000231969 0.0202693 0.0114928 0.101643 
0.00659912 0.000875746 0.0138126 0.000396225 0.00842188 0.000276448 0.0200204 0.0149879 0.105493 
0.00706377 0.000782466 0.0149628 0.000363393 0.00862355 0.000278785 0.0201454 0.0089024 0.10333 
0.00639263 0.000724674 0.00816207 0.000440769 0.00837859 0.000306817 0.0198603 0.016584 0.105059 
0.00583483 0.000752002 0.00763026 0.000390881 0.00849148 0.00025568 0.0199918 0.0142857 0.111536 
0.00571157 0.000847331 0.0127982 0.000409345 0.00844979 0.000263488 0.0197466 0.00839158 0.108222 
0.00604543 0.00075965 0.0149333 0.000415681 0.00862588 0.000267905 0.0202886 0.0118807 0.109689 
0.00672517 0.000629698 0.0120745 0.000396129 0.00864003 0.000345153 0.0200002 0.0141495 0.102716 
0.00575826 0.000753698 0.00794207 0.000383521 0.00869135 0.000344481 0.0199797 0.0144011 0.113501 
0.00727797 0.000672002 0.00743001 0.000448545 0.00849916 0.000349569 0.0202646 0.0114986 0.110232 
0.00614322 0.000664898 0.00793343 0.000417793 0.00844543 0.000314273 0.0204415 0.0110558 0.105522 
0.00715925 0.00089245 0.0105959 0.000421985 0.00833465 0.000284513 0.0199295 0.0143715 0.116817 
0.00555029 0.000712834 0.00900649 0.000400065 0.00853881 0.000262784 0.0200866 0.0114037 0.101146 
0.00612738 0.000697986 0.00864175 0.000366593 0.00873404 0.000235808 0.0202114 0.010854 0.101028 
0.0063997 0.000637922 0.0158614 0.000432545 0.00824495 0.000262113 0.0201058 0.0146417 0.104879 
0.00587195 0.000685122 0.00776412 0.000412321 0.00813622 0.000253185 0.0202053 0.0109739 0.10483 
0.00636056 0.000697634 0.00816591 0.000376385 0.00842943 0.000276961 0.0198857 0.0113597 0.110213 
0.00641023 0.000699842 0.00808652 0.000400833 0.00841106 0.000267745 0.0199587 0.0100424 0.108324 
0.00669228 0.00116548 0.0124124 0.000398818 0.00848198 0.000260641 0.0203019 0.0123331 0.1097 
0.00613733 0.000706658 0.00844047 0.000389217 0.00871254 0.000232097 0.0198441 0.0107227 0.100319 
0.00630904 0.000766434 0.00808911 0.000457985 0.00805526 0.000322561 0.0198078 0.0117386 0.111078 
0.00641032 0.00074237 0.0221141 0.000387073 0.0132968 0.000263648 0.0198259 0.0121663 0.116132 
0.015501 0.000680418 0.00942787 0.000389313 0.00800863 0.000346657 0.0202837 0.0101524 0.113366 
0.00573087 0.000783586 0.00816329 0.000382625 0.00824796 0.000270081 0.0198492 0.012706 0.107028 
0.00573595 0.000706466 0.00885948 0.000390433 0.00815964 0.00025776 0.0200967 0.0150607 0.114437 
0.00630987 0.00161623 0.00918918 0.000389633 0.00839964 0.000251809 0.0198296 0.012861 0.114603 
0.00603538 0.000694114 0.00873526 0.000374369 0.00834553 0.000279457 0.0203852 0.0109722 0.106183 
0.00621227 0.000699106 0.00889081 0.000449473 0.00832521 0.000237088 0.0201107 0.0117862 0.119758 
0.00647093 0.000691458 0.0083246 0.000357665 0.00978073 0.000310657 0.0201657 0.00888636 0.101291 
0.00600757 0.000725154 0.0114095 0.000374369 0.00852339 0.000300417 0.0198987 0.0120787 0.105848 
0.00583288 0.000666242 0.00957888 0.000352577 0.00876537 0.000309153 0.0202615 0.00859203 0.0983179 
0.00576994 0.000629154 0.00962662 0.000363265 0.00841385 0.000273985 0.0199501 0.0145515 0.102652 
0.00581979 0.00070813 0.00834889 0.000388225 0.00857955 0.000271649 0.0201185 0.0131574 0.101532 
0.00642079 0.000699074 0.00819474 0.000394721 0.00872255 0.000268705 0.0197697 0.00876969 0.0944063 
0.00617896 0.00079117 0.00776057 0.000394433 0.00855702 0.000328641 0.020102 0.0102587 0.102534 
0.00612981 0.000738946 0.0119785 0.000429185 0.00815942 0.000235137 0.0198787 0.00941958 0.104734 
0.00568651 0.00065133 0.012382 0.000431329 0.00969222 0.000255329 0.0197857 0.0123655 0.11412 
0.00556066 0.000725986 0.0162101 0.000409121 0.00777193 0.000294113 0.0212937 0.0101676 0.107834 
0.00649621 0.000656802 0.00833753 0.000388769 0.00870803 0.000283873 0.0198884 0.0102389 0.0983287 
0.00583467 0.000674242 0.0161701 0.000420322 0.00992227 0.000289505 0.0202537 0.0105274 0.108689 
0.00513278 0.000677122 0.0169932 0.000335969 0.00815289 0.000266657 0.0201512 0.00766018 0.0961699 
0.00617212 0.000727586 0.0133544 0.000428449 0.00846972 0.000283009 0.0205287 0.0101956 0.0997892 
0.00590034 0.000683651 0.00851667 0.000377857 0.00978172 0.000260513 0.0197273 0.0126549 0.09532 
0.00577397 0.00146999 0.00861452 0.000358465 0.00853794 0.000262944 0.0201845 0.0116101 0.101477 
0.00543534 0.000695746 0.00792223 0.000388226 0.00855155 0.000272833 0.0211908 0.0148519 0.111268 
0.00574735 0.000672418 0.0074854 0.000421857 0.00833775 0.000284801 0.0199676 0.0117559 0.101676 
0.0103846 0.000653058 0.00786079 0.000406305 0.00912159 0.000299617 0.0199479 0.0129531 0.113304 
0.00568338 0.000670978 0.0104738 0.000501218 0.00824518 0.000278432 0.0201234 0.0135027 0.111069 
0.00563493 0.00072205 0.00778934 0.000423809 0.00866409 0.000259649 0.0199711 0.00854332 0.104344 
0.0064469 0.000677986 0.00916345 0.000398465 0.00800793 0.000303361 0.0221409 0.0135514 0.114464 
0.00514046 0.000636737 0.0132803 0.000374497 0.00854521 0.000320577 0.0203675 0.0129075 0.110355 
0.00576427 0.000711362 0.00826825 0.000394785 0.00806729 0.000343681 0.0201453 0.0116733 0.105308 
0.00592136 0.000650146 0.0164031 0.00043501 0.0088815 0.000327105 0.0204767 0.0126491 0.103578 
0.0057981 0.000940867 0.0159891 0.000398177 0.00826402 0.000254465 0.0203773 0.0113623 0.103504 
0.00549586 0.00067629 0.00875654 0.000447554 0.00883164 0.000355329 0.0204378 0.0120425 0.105439 
0.00582399 0.00070253 0.00863539 0.000477057 0.00908518 0.000319937 0.0200675 0.0188321 0.114818 
0.00553381 0.00066989 0.00831238 0.000436578 0.00955158 0.000332097 0.0201556 0.0142632 0.114202 
0.00581883 0.00066749 0.00806684 0.000443777 0.00795036 0.000271328 0.0235782 0.0168284 0.116614 
0.00584267 0.000773059 0.00829247 0.000434849 0.00961673 0.000255425 0.0206885 0.0126298 0.112065 
0.00770972 0.000667138 0.00808985 0.000469441 0.00824329 0.000340737 0.0199119 0.0116981 0.108233 
0.00728626 0.000729218 0.0154268 0.000425345 0.00846163 0.000315137 0.0201483 0.0134504 0.102929 
0.0056308 0.0013961 0.00894326 0.000447585 0.00859571 0.000326305 0.020458 0.0116567 0.113597 
0.0064701 0.000740994 0.0100995 0.000412257 0.00951891 0.000335233 0.0197536 0.00938931 0.105267 
0.0191653 0.000712002 0.00750975 0.000364961 0.00916748 0.000342401 0.0203118 0.0120383 0.104405 
0.00594856 0.0016993 0.0102683 0.00102212 0.00874419 0.000246817 0.0197828 0.0125945 0.112363 
0.0171198 0.00067485 0.00849817 0.000445121 0.00890422 0.000275681 0.0198343 0.012135 0.102603 
0.00518334 0.000678818 0.0112441 0.000392545 0.0101735 0.000282016 0.0199237 0.00793474 0.106762 
0.00624171 0.000758723 0.00883721 0.000383777 0.00849075 0.000304897 0.021668 0.00962822 0.1118 
0.00538747 0.000684098 0.00805375 0.000410881 0.00873663 0.000273024 0.0208842 0.00928883 0.113442 
0.00629624 0.000715554 0.00769548 0.000492514 0.00854876 0.000328993 0.0201601 0.00940896 0.0978225 
0.00613295 0.00198183 0.00864003 0.000503681 0.00845951 0.000362785 0.0198875 0.0156512 0.112174 
0.00642063 0.00067629 0.0074622 0.000381633 0.00843199 0.000341089 0.02197 0.0153383 0.110852 
0.00581304 0.000673154 0.0190988 0.000421889 0.0111934 0.000263777 0.0215732 0.0111689 0.104192 
0.00563074 0.00166621 0.019769 0.000449633 0.018053 0.000277537 0.0199041 0.0139823 0.111617 
0.00736988 0.000642562 0.00790374 0.000377025 0.00900006 0.000233857 0.0202811 0.0141833 0.108448 
0.0055613 0.000737826 0.00758642 0.000418273 0.00874137 0.00035133 0.0200986 0.00979491 0.114184 
0.00596603 0.000667138 0.00794982 0.000357249 0.00825756 0.000251808 0.0228514 0.0105908 0.110536 
0.00698351 0.000731618 0.00925865 0.000424322 0.0082295 0.000241185 0.0200443 0.0187747 0.103508 
0.011472 0.000764578 0.00777113 0.000412065 0.00889545 0.000283073 0.0200122 0.0138918 0.104759 
0.0059909 0.000729314 0.00778262 0.000399521 0.00837366 0.000250785 0.019909 0.012958 0.106538 
0.00590776 0.00073085 0.00754917 0.000418913 0.00891315 0.000520354 0.0198735 0.0131857 0.116013 
0.0054901 0.000665666 0.00776761 0.000395457 0.00807705 0.000267201 0.0199068 0.0125578 0.104005 
0.00594949 0.000700962 0.0154327 0.000374882 0.00891939 0.000331809 0.019957 0.0109825 0.110216 
0.00569157 0.000659138 0.00820626 0.000415169 0.00861852 0.000286625 0.0198659 0.0173747 0.119161 
0.00629141 0.000688994 0.0161834 0.000432258 0.00835071 0.000341985 0.0200441 0.0122854 0.112095 
0.00599723 0.000699618 0.0171513 0.000365761 0.00860355 0.000252097 0.0199459 0.0105752 0.111064 
0.00602664 0.00067885 0.00841273 0.000366177 0.0082622 0.000244865 0.0229852 0.0119963 0.104662 
0.0053043 0.000669474 0.00763183 0.000369313 0.00806502 0.000248801 0.0197422 0.0118906 0.113666 
0.00671484 0.00069933 0.0119011 0.000380545 0.00800406 0.000278241 0.0200686 0.00960073 0.120197 
0.00528341 0.000730274 0.0161235 0.000389409 0.00859475 0.000247905 0.0217489 0.0138819 0.107269 
0.00619298 0.000688514 0.00823551 0.000368833 0.01054 0.000258625 0.0204198 0.0108701 0.112029 
0.00617701 0.0011393 0.00979865 0.000376065 0.00838185 0.000260801 0.0198096 0.0147523 0.111153 
0.00635874 0.00077021 0.0157724 0.000382785 0.00850227 0.000314593 0.0203282 0.0090998 0.100667 
0.00760674 0.000664802 0.00889315 0.000381377 0.00853801 0.000271233 0.0198453 0.0124995 0.106981 
0.00577455 0.000790978 0.00681055 0.000401121 0.00895311 0.000314561 0.020258 0.0121301 0.113179 
0.00587938 0.000730786 0.010489 0.000376417 0.00848345 0.000307873 0.0199229 0.011318 0.0925646 
0.00631611 0.000687714 0.0108057 0.000374145 0.00928758 0.000308353 0.0228695 0.012261 0.106125 
0.00520891 0.000698082 0.00851683 0.000421633 0.00860367 0.000298721 0.0198483 0.0156948 0.111131 
0.0057797 0.000788578 0.00923971 0.000480769 0.0169029 0.000348193 0.0204627 0.0141189 0.115431 
0.00517275 0.000704674 0.0109686 0.00200337 0.0080901 0.000324705 0.0200514 0.0123004 0.112867 
0.0067102 0.000717986 0.00926038 0.000395329 0.00843187 0.000287809 0.0207778 0.00872572 0.102748 
0.00671884 0.000737122 0.00768729 0.000406689 0.00805078 0.000293889 0.0203387 0.010877 0.110643 
0.00571643 0.000649922 0.00811913 0.000386721 0.00858015 0.000256128 0.0201876 0.0139363 0.102055 
0.00570447 0.000744386 0.00726117 0.000381986 0.00894278 0.000316257 0.0204962 0.01268 0.0985442 
0.00651039 0.000735394 0.00960652 0.000409153 0.00892508 0.000262657 0.0203333 0.0129046 0.100543 
0.00610181 0.000737155 0.00864105 0.000387489 0.00808185 0.000339777 0.0204475 0.0135994 0.112924 
0.00600542 0.000666498 0.00826787 0.000370913 0.00805119 0.000277697 0.0198975 0.00883983 0.103531 
0.00519694 0.000639426 0.0082847 0.000381857 0.0093366 0.00026336 0.0197348 0.0101135 0.102824 
0.00575839 0.00083773 0.00790412 0.000382881 0.00792044 0.000265152 0.0199451 0.0134792 0.104691 
0.00554526 0.00067037 0.00832681 0.000384385 0.00871903 0.00029216 0.0217853 0.0176479 0.10726 
0.00588533 0.00066413 0.0159511 0.000404289 0.00759961 0.000279425 0.0240572 0.0127297 0.110529 
0.00649906 0.000734818 0.0154134 0.000439425 0.00833062 0.000344737 0.0221433 0.0136302 0.106074 
0.00569717 0.000666082 0.00762409 0.00042621 0.00953244 0.000283296 0.020072 0.0144275 0.105455 
0.0059381 0.000723394 0.00707535 0.000447457 0.00951456 0.000374049 0.020286 0.00898547 0.115363 
0.00726409 0.000784482 0.00867273 0.000447553 0.00807583 0.000271009 0.0200121 0.0157434 0.10416 
0.00569349 0.00157232 0.00824553 0.000429889 0.00832371 0.000305281 0.0201155 0.0163554 0.123465 
0.00687842 0.00150727 0.00918432 0.000423233 0.00817638 0.000327265 0.0200555 0.0114409 0.10395 
0.00579816 0.000691042 0.0159621 0.000426369 0.00846236 0.000347873 0.0205038 0.0139432 0.103398 
0.00668386 0.000750082 0.0131797 0.000377698 0.00892803 0.000301153 0.0201163 0.0146389 0.108045 
0.00670706 0.000725666 0.0160088 0.000407297 0.00816354 0.000376481 0.0199012 0.0134617 0.103647 
