Interpreter has 8 subgraphs 
======================================
Subgraph ID 1 has 237 tensors and 8
subgraph type 3
partitioning type 1
partitioning ratio 12
======================================
Subgraph ID 2 has 234 tensors and 1
subgraph type 0
partitioning type 0
partitioning ratio 0
======================================
Subgraph ID 3 has 237 tensors and 11
subgraph type 3
partitioning type 1
partitioning ratio 12
======================================
Subgraph ID 4 has 234 tensors and 1
subgraph type 0
partitioning type 0
partitioning ratio 0
======================================
Subgraph ID 5 has 237 tensors and 11
subgraph type 3
partitioning type 1
partitioning ratio 14
======================================
Subgraph ID 6 has 234 tensors and 1
subgraph type 0
partitioning type 0
partitioning ratio 0
======================================
Subgraph ID 7 has 239 tensors and 22
subgraph type 0
partitioning type 0
partitioning ratio 0
======================================
Subgraph ID 8 has 234 tensors and 97
subgraph type 0
partitioning type 0
partitioning ratio 0
Sub Interpreter has 3 subgraphs 
======================================
Subgraph ID 1 has 237 tensors and 8
subgraph type 2
partitioning type 1
partitioning ratio 12
======================================
Subgraph ID 2 has 237 tensors and 11
subgraph type 2
partitioning type 1
partitioning ratio 0
======================================
Subgraph ID 3 has 237 tensors and 11
subgraph type 2
partitioning type 1
partitioning ratio 12
======================================
LOG_START
0.0948096 0.0417217 0.0328454 
0.0324326 0.0274752 0.0193477 
0.0265815 0.0251983 0.0190984 
0.0240997 0.0253674 0.0186584 
0.0243217 0.0274519 0.0209542 
0.0288644 0.0265111 0.0205036 
0.0305729 0.025705 0.0190001 
0.0320891 0.0254781 0.0187363 
0.0269298 0.0253133 0.0193652 
0.028012 0.0267672 0.0183836 
0.0286629 0.0256584 0.0174158 
0.0295353 0.0257518 0.0199415 
0.0286232 0.0251564 0.0209803 
0.0301956 0.0257248 0.0185225 
0.0327007 0.0258198 0.0198881 
0.0308802 0.0271472 0.0205983 
0.0323657 0.0256542 0.0190789 
0.0315975 0.0361459 0.0204559 
0.0325924 0.0258388 0.0197269 
0.0323036 0.0289513 0.0206651 
0.0321539 0.0227401 0.0158473 
0.0283158 0.027745 0.0191049 
0.0301345 0.0251136 0.0170615 
0.0316199 0.025268 0.0186556 
0.0283437 0.0258019 0.0181573 
0.0325722 0.0252289 0.0184554 
0.0358176 0.0300544 0.0204741 
0.0326914 0.0234805 0.0176609 
0.028855 0.0258954 0.0184627 
0.0280538 0.0241692 0.0204244 
0.0305514 0.0249482 0.0204599 
0.0318112 0.025351 0.0197587 
0.0346411 0.0262699 0.0197108 
0.0312492 0.0253753 0.0187213 
0.0269113 0.0269421 0.0197425 
0.0300722 0.0237109 0.0157833 
0.0298311 0.0259344 0.01893 
0.0288879 0.0252405 0.018317 
0.0311737 0.0249045 0.019559 
0.0293285 0.0241761 0.01869 
0.0309304 0.0254249 0.0201426 
0.0300925 0.0249674 0.0185037 
0.0336681 0.0269132 0.0182833 
0.0406316 0.0251223 0.0190923 
0.0429639 0.0269712 0.0190243 
0.0301678 0.0260019 0.0191439 
0.030663 0.0266474 0.0185297 
0.032764 0.024619 0.0194106 
0.0273733 0.0265392 0.0162477 
0.0308457 0.0261449 0.0190827 
0.0304025 0.0336352 0.0298142 
0.028657 0.0249945 0.0186056 
0.0288083 0.0244031 0.0191116 
0.0336962 0.0317932 0.0229084 
0.0302977 0.0259322 0.0188024 
0.0304129 0.0263568 0.0205085 
0.0355352 0.0252013 0.0284436 
0.0284777 0.0257955 0.0186419 
0.0278992 0.0260352 0.0318559 
0.0293784 0.024038 0.0185676 
0.0304901 0.0266395 0.018792 
0.0320214 0.0231002 0.0180034 
0.0315642 0.0301854 0.023329 
0.0260381 0.0250586 0.0195598 
0.0284208 0.0341639 0.0192188 
0.0322607 0.0238575 0.0202324 
0.0297737 0.0242821 0.017014 
0.0287889 0.0227725 0.0173061 
0.0302879 0.0226472 0.0187816 
0.0306992 0.0233469 0.0197573 
0.0298073 0.0256634 0.0281233 
0.0283574 0.022928 0.0186304 
0.0337272 0.0246783 0.0189614 
0.0338293 0.0248765 0.0191314 
0.0284084 0.0244266 0.0199822 
0.0311256 0.0264161 0.0182793 
0.0294065 0.0241143 0.0181327 
0.0312025 0.0249014 0.0204015 
0.030913 0.0252903 0.0187936 
0.032197 0.0302729 0.0233976 
0.034702 0.0245109 0.0207177 
0.0310716 0.0243003 0.018719 
0.0274329 0.0247002 0.0275253 
0.0274072 0.0276356 0.019166 
0.0322704 0.0253049 0.0189436 
0.0316844 0.0404259 0.0189739 
0.0282007 0.0246886 0.0186436 
0.0313585 0.0251041 0.018741 
0.0299094 0.0275949 0.0196004 
0.0315955 0.025732 0.0201012 
0.0303229 0.0243223 0.0205742 
0.0285385 0.024562 0.0195992 
0.0320817 0.0247578 0.0189139 
0.0319191 0.0246941 0.0216302 
0.0280012 0.0239473 0.0297735 
0.032376 0.0267179 0.0189938 
0.0310177 0.0245874 0.0181994 
0.0328473 0.0251059 0.0281444 
0.0296818 0.0263723 0.0204025 
0.0274004 0.0297145 0.0287193 
0.0309862 0.0216794 0.0165395 
0.0287533 0.0233177 0.0196781 
0.0324569 0.0256163 0.019255 
0.0300251 0.024531 0.0186852 
0.0303904 0.0246424 0.0191938 
0.0357554 0.0290116 0.0216703 
0.0330975 0.0252129 0.0187066 
0.0288627 0.0215 0.0171709 
0.0414354 0.0249824 0.0201629 
0.0308856 0.0242995 0.0188101 
0.0322172 0.0349443 0.0191348 
0.0302662 0.0271122 0.0166965 
0.0286814 0.0248229 0.0189877 
0.0305203 0.0247842 0.0191926 
0.02869 0.0264506 0.0207944 
0.0490359 0.0220803 0.0179951 
0.031431 0.0246121 0.0194244 
0.0328888 0.0246996 0.0206621 
0.0300937 0.0202813 0.0180583 
0.0331524 0.0246944 0.0188107 
0.0284233 0.0255761 0.0233874 
0.030272 0.0244697 0.0167537 
0.0294289 0.0241341 0.015996 
0.0291676 0.023247 0.0186161 
0.0363138 0.0242578 0.0203643 
0.0315426 0.0336563 0.0187745 
0.0292673 0.0243616 0.0189215 
0.0297736 0.0224922 0.0166785 
0.0298367 0.0261498 0.0190568 
0.0269177 0.023633 0.0182385 
0.0306395 0.0240318 0.0183684 
0.0281939 0.037163 0.0213549 
0.0300375 0.0396815 0.0335864 
0.030123 0.0238087 0.0185364 
0.0283598 0.0249217 0.0222787 
0.0282208 0.0236535 0.0301904 
0.0352032 0.0260872 0.0200807 
0.0308372 0.0271099 0.0324672 
0.034636 0.0250495 0.0203981 
0.0308425 0.025217 0.0190735 
0.0330968 0.024656 0.0279939 
0.0307219 0.0247494 0.0183378 
0.0298123 0.0245652 0.0193022 
0.0299091 0.0235519 0.018772 
0.0340384 0.0355345 0.0186599 
0.031027 0.0361344 0.0192582 
0.0276326 0.0248153 0.0196027 
0.0364418 0.0257248 0.0188709 
0.0301162 0.0244565 0.0161108 
0.0307533 0.0221627 0.019022 
0.0298805 0.0271083 0.0189233 
0.0286553 0.0263447 0.0182582 
0.031711 0.0340247 0.0184857 
0.0426072 0.0223171 0.0180229 
0.0313082 0.0244618 0.0184385 
0.0313727 0.025153 0.0182315 
0.0310789 0.0239669 0.0213374 
0.0313309 0.0276929 0.0192167 
0.0325412 0.0274185 0.0223752 
0.0289052 0.022973 0.0215494 
0.0346668 0.0251651 0.0180699 
0.0276933 0.0260551 0.0172482 
0.0321352 0.0241137 0.027725 
0.031305 0.0244049 0.0187721 
0.0289089 0.0241589 0.0309246 
0.0284629 0.0246978 0.018544 
0.0277918 0.0246987 0.0185719 
0.0310075 0.0228376 0.0180009 
0.0322745 0.0240442 0.0186153 
0.0277677 0.0270541 0.0298678 
0.0277452 0.0232596 0.0196319 
0.0311798 0.0246809 0.0189194 
0.0287502 0.0343032 0.0190526 
0.0461235 0.0246093 0.0190753 
0.0318295 0.0244935 0.0178462 
0.0316522 0.0309087 0.0204442 
0.0279323 0.0247577 0.0192181 
0.0282235 0.0244493 0.0187122 
0.0362383 0.0255912 0.0184685 
0.0268298 0.0245908 0.0174409 
0.0426068 0.0243434 0.0191915 
0.0292045 0.0352814 0.0189573 
0.0276624 0.0219965 0.0160443 
0.0284925 0.0237993 0.0171931 
0.0312471 0.0242917 0.0221829 
0.0300044 0.0302528 0.0214183 
0.0389408 0.0208504 0.0170657 
0.0309718 0.0246264 0.0188513 
0.0274996 0.0240262 0.0188276 
0.0318804 0.0334213 0.0189985 
0.0291236 0.0235967 0.019848 
0.0310388 0.0272125 0.0191654 
0.0308645 0.0241833 0.0183076 
0.025753 0.0265899 0.0189619 
0.0298501 0.0257656 0.0178185 
0.0391395 0.0261769 0.0235362 
0.037426 0.0235099 0.0210067 
0.0318141 0.0250927 0.0311792 
0.0426425 0.0268664 0.0204918 
0.0322542 0.0236289 0.0234989 
0.0278872 0.0261967 0.0192423 
0.0291563 0.0348587 0.0200028 
0.0288109 0.0244566 0.0200563 
0.0332036 0.0264196 0.0277022 
0.0352187 0.0239704 0.0184905 
0.0295538 0.0244418 0.0189196 
0.0287958 0.0253168 0.0178895 
0.0321609 0.0239195 0.0187695 
0.0332768 0.0274423 0.0214227 
0.0309957 0.0255103 0.0184805 
0.0266542 0.0282781 0.0180987 
0.0294919 0.0227852 0.0190704 
0.0306888 0.0238022 0.0195826 
0.0281892 0.0224369 0.018618 
0.0314106 0.0251272 0.0176984 
0.0313535 0.0282511 0.0185452 
0.0289405 0.022903 0.0190653 
0.0317962 0.0236903 0.0180197 
0.0277403 0.0237749 0.016697 
0.0331243 0.0260318 0.0182025 
0.0316069 0.0239168 0.0166247 
0.0270661 0.0242142 0.019031 
0.0300698 0.0247143 0.0188266 
0.0296522 0.0236476 0.0194235 
0.0373123 0.0248515 0.0164031 
0.027335 0.0244653 0.0174323 
0.0302052 0.0228327 0.0160402 
0.0305446 0.0215786 0.0184006 
0.0277787 0.0239714 0.0185686 
0.0303967 0.028656 0.0158768 
0.0310602 0.0233014 0.0178935 
0.0360331 0.027121 0.022832 
0.0283029 0.035729 0.0198651 
0.0298568 0.0246168 0.0185602 
0.0283921 0.0289867 0.01974 
0.0326002 0.0223087 0.0186058 
0.0314152 0.024793 0.0197839 
0.0306193 0.0235197 0.0183385 
0.0304765 0.0249217 0.0191059 
0.0318018 0.0284522 0.0193302 
0.0313259 0.0243952 0.0184604 
0.0341542 0.0245891 0.0199868 
0.0310174 0.0232396 0.0180552 
0.0356047 0.0248889 0.0192765 
0.0313764 0.0251121 0.019285 
0.0297062 0.0249865 0.0189271 
0.0416599 0.0220766 0.0173037 
0.0287392 0.0249196 0.0188698 
0.0290992 0.0258904 0.015958 
0.0315713 0.0249903 0.0190371 
0.0336308 0.025105 0.0207611 
0.0277186 0.0235016 0.0186476 
0.031579 0.0260538 0.0194036 
0.0309433 0.0360248 0.0219501 
0.0306523 0.0234775 0.0167319 
0.0303382 0.0207232 0.018971 
0.0293112 0.0231949 0.0185611 
0.0285487 0.0266247 0.0191279 
0.0281353 0.0243641 0.0175959 
0.0274846 0.0248838 0.0180085 
0.0317241 0.0268135 0.0185893 
0.029029 0.0234833 0.0178969 
0.0439476 0.0269752 0.0187123 
0.0307616 0.0243523 0.018069 
0.0277573 0.0255675 0.019649 
0.03169 0.0281947 0.0208403 
0.0271034 0.0242116 0.0189451 
0.0306706 0.0245191 0.0184145 
0.0336767 0.0262277 0.021679 
0.0333331 0.0257662 0.0199134 
0.0321008 0.0251027 0.0219807 
0.0326153 0.0350493 0.018931 
0.0338153 0.0241475 0.0189807 
0.0331738 0.0262425 0.0174844 
0.0304998 0.0298574 0.0189433 
0.031593 0.0245406 0.0222734 
0.0300532 0.0327813 0.0262035 
0.0283736 0.0234582 0.017401 
0.0265482 0.0221556 0.0201892 
0.0328332 0.0253489 0.0192701 
0.0300053 0.0276694 0.0191065 
0.0304763 0.0250433 0.0211816 
0.0281883 0.0260808 0.0191428 
0.0346468 0.0230089 0.0180726 
0.0352417 0.0236934 0.018643 
0.030414 0.025016 0.0184761 
0.0281353 0.0240471 0.0164927 
0.0299212 0.0253147 0.0203645 
0.031923 0.0245227 0.0188389 
0.0268707 0.026757 0.0194553 
0.0411307 0.0243173 0.0193377 
0.0276402 0.023948 0.0187443 
0.0298731 0.0239823 0.0162393 
0.0298406 0.0248928 0.030853 
0.0276404 0.0243881 0.0162444 
0.030729 0.0235528 0.0161263 
0.0305824 0.025337 0.0182656 
0.029305 0.02392 0.0182559 
0.0339128 0.0271688 0.0215466 
0.0323542 0.0246129 0.0185029 
