0
8
0
0
8
9
0
0
9
20
0
0
20
21
0
0
21
32
0
0
32
33
0
0
33
55
1
0
55
152
0
0
-1
-2
0
8
0
0
8
9
0
0
9
20
0
0
20
21
0
0
21
32
0
0
32
33
0
0
33
55
1
0
55
152
0
0
-1
-2
0
8
0
0
8
9
0
0
9
20
0
0
20
21
0
0
21
32
0
0
32
33
0
0
33
55
1
0
55
152
0
0
-1
-2
0
8
0
0
8
9
0
0
9
20
0
0
20
21
0
0
21
32
0
0
32
33
0
0
33
55
1
0
55
152
0
0
-1
-2
0
8
0
0
8
9
0
0
9
20
0
0
20
21
0
0
21
32
0
0
32
33
0
0
33
55
1
0
55
152
0
0
-1
-2
0
8
0
0
8
9
0
0
9
20
0
0
20
21
0
0
21
32
0
0
32
33
0
0
33
55
1
0
55
152
0
0
-1
-2
0
8
0
0
8
9
0
0
9
20
0
0
20
21
0
0
21
32
0
0
32
33
0
0
33
55
1
0
55
152
0
0
-1
-2
0
8
0
0
8
9
0
0
9
20
0
0
20
21
0
0
21
32
0
0
32
33
0
0
33
55
1
0
55
152
0
0
-1
-2
